0 7
1 2
2 0
3 4
4 6
5 2
6 1
7 1
8 2
9 0
10 7
11 3
12 2
13 3
14 0
15 3
16 5
17 5
18 4
19 5
20 2
21 5
22 3
23 4
24 7
25 4
26 2
27 2
28 2
29 6
30 3
31 3
32 1
33 3
34 0
35 5
36 1
37 2
38 3
39 4
40 5
41 6
42 4
43 2
44 2
45 1
46 2
47 3
48 3
49 6
50 4
51 4
52 3
53 5
54 1
55 1
56 3
57 2
58 0
59 1
60 6
61 4
62 0
63 7
64 3
65 6
66 5
67 0
68 2
69 3
70 0
71 3
72 1
73 2
74 1
75 2
76 4
77 3
78 4
79 2
80 3
81 6
82 1
83 3
84 3
85 3
86 3
87 1
88 4
89 1
90 0
91 2
92 3
93 5
94 5
95 5
96 5
97 1
98 1
99 1
100 3
101 1
102 5
103 0
104 1
105 1
106 6
107 2
108 3
109 0
110 2
111 3
112 0
113 2
114 4
115 2
116 4
117 2
118 3
119 4
120 1
121 1
122 4
123 1
124 6
125 0
126 3
127 3
128 5
129 4
130 4
131 6
132 2
133 0
134 1
135 0
136 2
137 4
138 2
139 1
140 0
141 0
142 3
143 2
144 5
145 1
146 3
147 6
148 2
149 1
150 4
151 3
152 3
153 1
154 4
155 0
156 4
157 6
158 4
159 6
160 3
161 5
162 1
163 5
164 5
165 4
166 1
167 7
168 2
169 4
170 2
171 7
172 3
173 0
174 1
175 1
176 5
177 5
178 1
179 1
180 1
181 2
182 4
183 6
184 2
185 3
186 1
187 2
188 5
189 4
190 5
191 2
192 3
193 1
194 3
195 2
196 3
197 2
198 1
199 2
200 5
201 0
202 4
203 4
204 3
205 2
206 0
207 7
208 3
209 1
210 2
211 4
212 1
213 1
214 0
215 1
216 5
217 2
218 2
219 6
220 10
221 3
222 2
223 3
224 3
225 4
226 2
227 3
228 2
229 1
230 8
231 2
232 4
233 2
234 4
235 5
236 3
237 3
238 0
239 1
240 3
241 5
242 5
243 1
244 7
245 1
246 4
247 2
248 4
249 2
250 6
251 1
252 2
253 4
254 6
255 2
256 2
257 3
258 3
259 4
260 0
261 3
262 2
263 4
264 2
265 2
266 6
267 3
268 3
269 2
270 2
271 2
272 4
273 4
274 0
275 5
276 1
277 3
278 4
279 4
280 3
281 2
282 6
283 0
284 5
285 4
286 4
287 5
288 0
289 4
290 2
291 0
292 6
293 5
294 1
295 0
296 4
297 1
298 4
299 2
300 2
301 0
302 0
303 1
304 5
305 2
306 3
307 4
308 0
309 7
310 3
311 3
312 4
313 0
314 5
315 0
316 0
317 1
318 2
319 1
320 3
321 2
322 2
323 3
324 4
325 0
326 2
327 1
328 3
329 1
330 5
331 7
332 3
333 1
334 3
335 1
336 1
337 4
338 3
339 3
340 5
341 2
342 6
343 1
344 1
345 3
346 3
347 4
348 4
349 4
350 1
351 4
352 4
353 4
354 1
355 7
356 0
357 3
358 3
359 0
360 1
361 3
362 0
363 1
364 6
365 5
366 3
367 3
368 5
369 2
370 0
371 3
372 3
373 3
374 5
375 5
376 2
377 5
378 4
379 2
380 0
381 2
382 1
383 3
384 6
385 1
386 6
387 1
388 0
389 3
390 2
391 3
392 1
393 6
394 0
395 1
396 7
397 1
398 2
399 4
400 0
401 3
402 5
403 1
404 5
405 2
406 3
407 2
408 3
409 2
410 1
411 3
412 2
413 4
414 1
415 3
416 4
417 7
418 1
419 5
420 4
421 4
422 1
423 2
424 2
425 1
426 2
427 0
428 1
429 3
430 2
431 3
432 2
433 3
434 4
435 5
436 1
437 4
438 2
439 0
440 4
441 0
442 3
443 5
444 1
445 7
446 2
447 3
448 6
449 1
450 5
451 0
452 3
453 1
454 1
455 5
456 3
457 4
458 6
459 9
460 4
461 6
462 2
463 3
464 5
465 6
466 1
467 2
468 3
469 2
470 3
471 3
472 2
473 6
474 5
475 0
476 2
477 3
478 4
479 3
480 3
481 1
482 2
483 5
484 4
485 2
486 3
487 6
488 6
489 6
490 1
491 4
492 3
493 3
494 5
495 3
496 5
497 4
498 2
499 1
500 3
501 4
502 4
503 2
504 1
505 2
506 3
507 2
508 1
509 3
510 4
511 4
512 5
513 2
514 6
515 4
516 2
517 4
518 0
519 6
520 5
521 1
522 5
523 0
524 0
525 5
526 8
527 0
528 4
529 2
530 4
531 4
532 3
533 3
534 3
535 6
536 4
537 4
538 1
539 0
540 2
541 5
542 1
543 3
544 1
545 4
546 1
547 4
548 1
549 2
550 3
551 0
552 2
553 2
554 2
555 3
556 2
557 1
558 1
559 4
560 5
561 1
562 1
563 1
564 2
565 5
566 3
567 4
568 1
569 6
570 0
571 3
572 1
573 2
574 1
575 2
576 7
577 4
578 2
579 5
580 4
581 0
582 1
583 2
584 3
585 2
586 5
587 2
588 4
589 4
590 1
591 3
592 3
593 4
594 1
595 3
596 1
597 3
598 1
599 1
600 1
601 3
602 0
603 1
604 2
605 3
606 4
607 3
608 4
609 2
610 3
611 3
612 3
613 5
614 3
615 2
616 4
617 2
618 7
619 8
620 3
621 6
622 3
623 2
624 2
625 4
626 2
627 2
628 2
629 2
630 1
631 3
632 3
633 3
634 5
635 3
636 3
637 5
638 3
639 5
640 1
641 4
642 3
643 1
644 1
645 8
646 4
647 4
648 3
649 7
650 2
651 5
652 4
653 4
654 6
655 6
656 1
657 2
658 1
659 5
660 3
661 6
662 3
663 1
664 0
665 5
666 3
667 6
668 1
669 3
670 2
671 4
672 5
673 6
674 3
675 2
676 5
677 5
678 2
679 5
680 4
681 2
682 2
683 2
684 4
685 3
686 3
687 5
688 4
689 4
690 2
691 7
692 2
693 3
694 0
695 2
696 0
697 2
698 5
699 1
700 8
701 2
702 4
703 2
704 2
705 4
706 4
707 2
708 0
709 3
710 1
711 5
712 0
713 3
714 2
715 3
716 2
717 2
718 3
719 4
720 6
721 3
722 3
723 6
724 4
725 0
726 2
727 5
728 0
729 4
730 4
731 5
732 3
733 0
734 3
735 4
736 6
737 0
738 4
739 4
740 5
741 8
742 3
743 2
744 4
745 2
746 0
747 4
748 0
749 1
750 1
751 4
752 2
753 8
754 0
755 1
756 4
757 2
758 2
759 4
760 5
761 6
762 4
763 2
764 3
765 0
766 3
767 3
768 3
769 2
770 3
771 0
772 8
773 5
774 2
775 8
776 2
777 0
778 2
779 1
780 1
781 1
782 3
783 3
784 2
785 3
786 1
787 2
788 2
789 2
790 6
791 2
792 4
793 7
794 0
795 2
796 4
797 0
798 2
799 4
800 10
801 8
802 0
803 4
804 2
805 3
806 4
807 0
808 2
809 6
810 1
811 3
812 2
813 4
814 2
815 0
816 1
817 0
818 1
819 1
820 6
821 0
822 1
823 1
824 1
825 2
826 4
827 2
828 1
829 4
830 3
831 3
832 3
833 0
834 1
835 5
836 4
837 2
838 0
839 0
840 0
841 4
842 5
843 1
844 0
845 4
846 0
847 2
848 1
849 2
850 4
851 5
852 3
853 0
854 8
855 3
856 8
857 1
858 6
859 8
860 6
861 5
862 3
863 1
864 3
865 3
866 2
867 3
868 2
869 0
870 4
871 2
872 1
873 2
874 0
875 4
876 8
877 1
878 4
879 5
880 4
881 1
882 4
883 6
884 3
885 3
886 6
887 1
888 0
889 0
890 3
891 1
892 2
893 0
894 3
895 0
896 1
897 3
898 3
899 1
900 1
901 2
902 1
903 2
904 4
905 1
906 6
907 3
908 4
909 4
910 4
911 0
912 1
913 2
914 9
915 2
916 6
917 3
918 3
919 6
920 4
921 2
922 2
923 2
924 6
925 1
926 1
927 3
928 2
929 4
930 1
931 2
932 3
933 2
934 3
935 5
936 4
937 4
938 5
939 3
940 8
941 8
942 3
943 3
944 1
945 4
946 6
947 0
948 0
949 3
950 4
951 5
952 4
953 0
954 5
955 0
956 3
957 3
958 1
959 1
960 3
961 0
962 4
963 5
964 3
965 3
966 1
967 2
968 0
969 4
970 3
971 5
972 4
973 2
974 1
975 3
976 3
977 2
978 4
979 2
980 0
981 3
982 4
983 4
984 3
985 1
986 3
987 0
988 2
989 2
990 2
991 2
992 5
993 1
994 1
995 3
996 2
997 3
998 4
999 5
1000 2
1001 2
1002 1
1003 0
1004 1
1005 3
1006 5
1007 3
1008 4
1009 3
1010 4
1011 4
1012 6
1013 2
1014 4
1015 4
1016 2
1017 2
1018 3
1019 6
1020 1
1021 1
1022 5
1023 1
1024 2
1025 4
1026 2
1027 3
1028 3
1029 4
1030 4
1031 0
1032 0
1033 1
1034 3
1035 3
1036 4
1037 4
1038 1
1039 1
1040 2
1041 5
1042 0
1043 3
1044 4
1045 0
1046 3
1047 4
1048 2
1049 2
1050 1
1051 1
1052 4
1053 3
1054 2
1055 2
1056 1
1057 4
1058 2
1059 2
1060 2
1061 0
1062 3
1063 5
1064 0
1065 2
1066 2
1067 1
1068 4
1069 3
1070 6
1071 9
1072 6
1073 2
1074 6
1075 2
1076 5
1077 1
1078 3
1079 1
1080 2
1081 4
1082 6
1083 2
1084 1
1085 3
1086 2
1087 1
1088 3
1089 0
1090 5
1091 3
1092 2
1093 3
1094 5
1095 3
1096 4
1097 3
1098 1
1099 1
1100 0
1101 2
1102 1
1103 3
1104 0
1105 0
1106 4
1107 1
1108 5
1109 1
1110 4
1111 1
1112 5
1113 2
1114 8
1115 3
1116 2
1117 2
1118 0
1119 1
1120 1
1121 0
1122 6
1123 4
1124 3
1125 3
1126 1
1127 2
1128 4
1129 6
1130 3
1131 1
1132 2
1133 6
1134 1
1135 2
1136 2
1137 5
1138 3
1139 1
1140 5
1141 1
1142 1
1143 3
1144 3
1145 0
1146 4
1147 1
1148 0
1149 2
1150 4
1151 5
1152 2
1153 3
1154 1
1155 3
1156 2
1157 1
1158 2
1159 2
1160 1
1161 2
1162 4
1163 2
1164 0
1165 1
1166 4
1167 2
1168 0
1169 0
1170 1
1171 5
1172 0
1173 4
1174 3
1175 0
1176 5
1177 1
1178 7
1179 0
1180 2
1181 1
1182 0
1183 3
1184 2
1185 3
1186 4
1187 4
1188 4
1189 0
1190 0
1191 0
1192 7
1193 3
1194 3
1195 5
1196 2
1197 6
1198 1
1199 6
1200 4
1201 3
1202 5
1203 4
1204 3
1205 2
1206 2
1207 1
1208 1
1209 1
1210 2
1211 0
1212 4
1213 6
1214 5
1215 4
1216 4
1217 4
1218 3
1219 7
1220 7
1221 7
1222 1
1223 2
1224 3
1225 5
1226 4
1227 3
1228 4
1229 4
1230 5
1231 2
1232 4
1233 2
1234 3
1235 2
1236 3
1237 3
1238 2
1239 2
1240 2
1241 7
1242 0
1243 0
1244 2
1245 3
1246 7
1247 6
1248 5
1249 5
1250 2
1251 0
1252 5
1253 4
1254 4
1255 2
1256 3
1257 2
1258 2
1259 5
1260 5
1261 1
1262 1
1263 2
1264 1
1265 4
1266 6
1267 0
1268 3
1269 3
1270 1
1271 5
1272 1
1273 2
1274 2
1275 0
1276 3
1277 0
1278 1
1279 3
1280 5
1281 3
1282 1
1283 3
1284 1
1285 2
1286 3
1287 5
1288 4
1289 2
1290 0
1291 0
1292 3
1293 2
1294 1
1295 3
1296 3
1297 3
1298 3
1299 5
1300 1
1301 1
1302 2
1303 1
1304 1
1305 4
1306 2
1307 0
1308 2
1309 2
1310 3
1311 4
1312 2
1313 4
1314 5
1315 2
1316 4
1317 6
1318 4
1319 4
1320 0
1321 5
1322 1
1323 0
1324 2
1325 2
1326 2
1327 2
1328 4
1329 3
1330 4
1331 5
1332 0
1333 1
1334 2
1335 2
1336 9
1337 2
1338 3
1339 2
1340 1
1341 6
1342 4
1343 4
1344 3
1345 2
1346 1
1347 1
1348 1
1349 1
1350 2
1351 3
1352 6
1353 5
1354 0
1355 4
1356 2
1357 3
1358 1
1359 4
1360 1
1361 5
1362 2
1363 2
1364 3
1365 3
1366 3
1367 1
1368 5
1369 0
1370 0
1371 0
1372 2
1373 6
1374 7
1375 6
1376 5
1377 2
1378 2
1379 2
1380 4
1381 1
1382 7
1383 2
1384 9
1385 0
1386 5
1387 3
1388 1
1389 0
1390 1
1391 0
1392 4
1393 3
1394 4
1395 0
1396 0
1397 2
1398 1
1399 0
1400 8
1401 4
1402 1
1403 2
1404 5
1405 2
1406 6
1407 2
1408 5
1409 3
1410 2
1411 5
1412 4
1413 1
1414 3
1415 1
1416 3
1417 3
1418 0
1419 4
1420 2
1421 0
1422 4
1423 3
1424 4
1425 1
1426 0
1427 5
1428 2
1429 3
1430 6
1431 1
1432 2
1433 0
1434 2
1435 4
1436 5
1437 3
1438 1
1439 3
1440 2
1441 1
1442 4
1443 5
1444 4
1445 2
1446 1
1447 2
1448 1
1449 1
1450 4
1451 3
1452 1
1453 4
1454 3
1455 6
1456 4
1457 2
1458 8
1459 5
1460 3
1461 1
1462 1
1463 1
1464 2
1465 3
1466 6
1467 3
1468 7
1469 4
1470 2
1471 6
1472 1
1473 2
1474 2
1475 1
1476 2
1477 0
1478 3
1479 3
1480 7
1481 2
1482 9
1483 2
1484 1
1485 6
1486 3
1487 4
1488 2
1489 4
1490 1
1491 6
1492 0
1493 2
1494 2
1495 4
1496 3
1497 2
1498 1
1499 1
1500 7
1501 4
1502 2
1503 1
1504 5
1505 6
1506 5
1507 2
1508 4
1509 6
1510 0
1511 3
1512 3
1513 3
1514 2
1515 3
1516 3
1517 3
1518 0
1519 2
1520 1
1521 3
1522 4
1523 5
1524 2
1525 4
1526 3
1527 5
1528 4
1529 0
1530 1
1531 3
1532 7
1533 2
1534 1
1535 7
1536 2
1537 3
1538 2
1539 4
1540 2
1541 1
1542 4
1543 4
1544 5
1545 2
1546 0
1547 4
1548 2
1549 6
1550 0
1551 4
1552 0
1553 5
1554 1
1555 0
1556 6
1557 5
1558 4
1559 3
1560 3
1561 3
1562 5
1563 2
1564 1
1565 5
1566 1
1567 3
1568 0
1569 2
1570 3
1571 3
1572 1
1573 4
1574 5
1575 4
1576 1
1577 4
1578 3
1579 2
1580 8
1581 4
1582 3
1583 10
1584 3
1585 0
1586 3
1587 1
1588 4
1589 3
1590 3
1591 6
1592 3
1593 7
1594 3
1595 0
1596 5
1597 3
1598 1
1599 4
1600 1
1601 4
1602 2
1603 2
1604 3
1605 0
1606 0
1607 1
1608 4
1609 5
1610 3
1611 3
1612 3
1613 4
1614 0
1615 0
1616 0
1617 3
1618 1
1619 2
1620 2
1621 6
1622 2
1623 2
1624 1
1625 0
1626 4
1627 4
1628 4
1629 3
1630 6
1631 1
1632 5
1633 5
1634 3
1635 3
1636 7
1637 2
1638 2
1639 3
1640 3
1641 6
1642 4
1643 3
1644 0
1645 3
1646 2
1647 1
1648 3
1649 8
1650 3
1651 2
1652 1
1653 4
1654 7
1655 2
1656 3
1657 4
1658 7
1659 4
1660 5
1661 0
1662 12
1663 3
1664 1
1665 3
1666 2
1667 4
1668 4
1669 4
1670 0
1671 2
1672 4
1673 5
1674 0
1675 1
1676 3
1677 3
1678 4
1679 6
1680 0
1681 2
1682 5
1683 0
1684 1
1685 1
1686 3
1687 3
1688 3
1689 5
1690 2
1691 4
1692 1
1693 7
1694 4
1695 3
1696 5
1697 1
1698 3
1699 0
1700 0
1701 2
1702 1
1703 6
1704 6
1705 7
1706 4
1707 1
1708 2
1709 4
1710 3
1711 2
1712 4
1713 1
1714 5
1715 4
1716 4
1717 0
1718 4
1719 1
1720 1
1721 4
1722 1
1723 0
1724 5
1725 1
1726 4
1727 3
1728 11
1729 2
1730 0
1731 3
1732 4
1733 4
1734 3
1735 5
1736 0
1737 3
1738 1
1739 1
1740 6
1741 0
1742 3
1743 2
1744 2
1745 3
1746 3
1747 3
1748 1
1749 3
1750 3
1751 0
1752 1
1753 0
1754 4
1755 0
1756 2
1757 2
1758 4
1759 1
1760 7
1761 5
1762 5
1763 3
1764 3
1765 6
1766 1
1767 2
1768 5
1769 2
1770 2
1771 0
1772 3
1773 4
1774 4
1775 0
1776 6
1777 5
1778 2
1779 1
1780 5
1781 3
1782 4
1783 1
1784 3
1785 2
1786 1
1787 3
1788 3
1789 2
1790 4
1791 2
1792 3
1793 0
1794 1
1795 3
1796 3
1797 1
1798 6
1799 4
1800 2
1801 1
1802 6
1803 2
1804 1
1805 5
1806 3
1807 2
1808 3
1809 1
1810 2
1811 4
1812 0
1813 1
1814 2
1815 1
1816 2
1817 1
1818 6
1819 0
1820 0
1821 1
1822 1
1823 1
1824 7
1825 2
1826 1
1827 0
1828 4
1829 2
1830 6
1831 1
1832 2
1833 2
1834 2
1835 0
1836 2
1837 1
1838 3
1839 0
1840 5
1841 3
1842 2
1843 3
1844 2
1845 0
1846 2
1847 5
1848 4
1849 2
1850 2
1851 4
1852 2
1853 3
1854 5
1855 3
1856 0
1857 3
1858 1
1859 3
1860 0
1861 3
1862 3
1863 5
1864 3
1865 1
1866 2
1867 1
1868 1
1869 4
1870 3
1871 4
1872 5
1873 1
1874 3
1875 0
1876 4
1877 2
1878 0
1879 1
1880 4
1881 3
1882 4
1883 2
1884 1
1885 3
1886 1
1887 2
1888 2
1889 1
1890 2
1891 2
1892 3
1893 4
1894 0
1895 3
1896 0
1897 2
1898 0
1899 3
1900 0
1901 1
1902 3
1903 5
1904 2
1905 2
1906 0
1907 0
1908 2
1909 2
1910 0
1911 2
1912 4
1913 4
1914 2
1915 5
1916 3
1917 3
1918 4
1919 2
1920 1
1921 2
1922 2
1923 1
1924 4
1925 1
1926 4
1927 2
1928 0
1929 2
1930 2
1931 1
1932 4
1933 0
1934 3
1935 3
1936 4
1937 0
1938 0
1939 3
1940 2
1941 3
1942 1
1943 2
1944 2
1945 4
1946 3
1947 4
1948 2
1949 8
1950 3
1951 3
1952 5
1953 3
1954 2
1955 5
1956 1
1957 6
1958 1
1959 3
1960 3
1961 2
1962 4
1963 4
1964 3
1965 2
1966 2
1967 3
1968 2
1969 3
1970 6
1971 3
1972 6
1973 1
1974 2
1975 3
1976 1
1977 0
1978 1
1979 3
1980 1
1981 4
1982 6
1983 3
1984 2
1985 2
1986 2
1987 3
1988 2
1989 2
1990 0
1991 2
1992 1
1993 0
1994 1
1995 4
1996 5
1997 3
1998 1
1999 6
2000 2
2001 5
2002 1
2003 1
2004 7
2005 1
2006 5
2007 0
2008 6
2009 5
2010 0
2011 0
2012 4
2013 4
2014 5
2015 6
2016 6
2017 3
2018 7
2019 6
2020 4
2021 6
2022 2
2023 5
2024 2
2025 4
2026 7
2027 1
2028 0
2029 4
2030 3
2031 2
2032 3
2033 0
2034 4
2035 1
2036 3
2037 1
2038 1
2039 1
2040 3
2041 5
2042 4
2043 4
2044 3
2045 4
2046 2
2047 0
2048 3
2049 5
2050 4
2051 0
2052 6
2053 3
2054 3
2055 3
2056 0
2057 3
2058 1
2059 1
2060 3
2061 2
2062 3
2063 1
2064 4
2065 1
2066 2
2067 1
2068 6
2069 2
2070 3
2071 3
2072 4
2073 0
2074 5
2075 0
2076 1
2077 0
2078 1
2079 4
2080 2
2081 2
2082 3
2083 1
2084 10
2085 2
2086 4
2087 2
2088 2
2089 0
2090 3
2091 0
2092 5
2093 2
2094 1
2095 1
2096 3
2097 4
2098 4
2099 5
2100 3
2101 3
2102 4
2103 6
2104 2
2105 1
2106 3
2107 1
2108 1
2109 4
2110 3
2111 3
2112 5
2113 0
2114 3
2115 0
2116 4
2117 1
2118 4
2119 2
2120 4
2121 2
2122 2
2123 5
2124 6
2125 7
2126 2
2127 8
2128 2
2129 2
2130 1
2131 4
2132 3
2133 1
2134 3
2135 0
2136 1
2137 3
2138 6
2139 2
2140 5
2141 4
2142 4
2143 3
2144 3
2145 1
2146 3
2147 1
2148 3
2149 2
2150 3
2151 1
2152 0
2153 9
2154 4
2155 1
2156 7
2157 0
2158 2
2159 1
2160 0
2161 3
2162 4
2163 1
2164 0
2165 5
2166 6
2167 2
2168 5
2169 0
2170 0
2171 0
2172 3
2173 1
2174 1
2175 0
2176 2
2177 0
2178 4
2179 2
2180 0
2181 3
2182 1
2183 6
2184 2
2185 3
2186 2
2187 5
2188 2
2189 3
2190 6
2191 3
2192 0
2193 4
2194 3
2195 2
2196 1
2197 1
2198 3
2199 0
2200 1
2201 3
2202 3
2203 5
2204 2
2205 0
2206 2
2207 4
2208 5
2209 4
2210 5
2211 8
2212 2
2213 7
2214 1
2215 5
2216 0
2217 1
2218 3
2219 4
2220 2
2221 0
2222 5
2223 3
2224 3
2225 0
2226 0
2227 3
2228 0
2229 1
2230 2
2231 1
2232 3
2233 2
2234 3
2235 0
2236 1
2237 7
2238 3
2239 4
2240 2
2241 3
2242 0
2243 0
2244 1
2245 4
2246 1
2247 3
2248 0
2249 6
2250 0
2251 2
2252 3
2253 2
2254 0
2255 7
2256 8
2257 1
2258 6
2259 6
2260 6
2261 0
2262 4
2263 3
2264 5
2265 2
2266 5
2267 2
2268 1
2269 3
2270 3
2271 1
2272 1
2273 6
2274 2
2275 3
2276 5
2277 2
2278 2
2279 3
2280 1
2281 2
2282 4
2283 3
2284 4
2285 2
2286 1
2287 6
2288 5
2289 3
2290 1
2291 6
2292 2
2293 3
2294 4
2295 2
2296 1
2297 2
2298 6
2299 0
2300 1
2301 2
2302 2
2303 1
2304 4
2305 3
2306 2
2307 0
2308 5
2309 3
2310 2
2311 2
2312 0
2313 5
2314 4
2315 4
2316 0
2317 0
2318 6
2319 1
2320 6
2321 4
2322 2
2323 3
2324 3
2325 7
2326 4
2327 9
2328 4
2329 5
2330 4
2331 1
2332 1
2333 1
2334 1
2335 3
2336 1
2337 6
2338 4
2339 3
2340 5
2341 3
2342 2
2343 3
2344 2
2345 3
2346 1
2347 2
2348 1
2349 1
2350 6
2351 3
2352 4
2353 3
2354 0
2355 1
2356 4
2357 1
2358 2
2359 2
2360 3
2361 0
2362 3
2363 3
2364 5
2365 1
2366 5
2367 2
2368 3
2369 4
2370 1
2371 3
2372 2
2373 6
2374 5
2375 3
2376 3
2377 3
2378 1
2379 1
2380 2
2381 3
2382 6
2383 3
2384 1
2385 1
2386 4
2387 4
2388 2
2389 5
2390 3
2391 2
2392 5
2393 1
2394 3
2395 2
2396 3
2397 1
2398 0
2399 1
2400 5
2401 2
2402 8
2403 0
2404 2
2405 4
2406 3
2407 0
2408 2
2409 0
2410 1
2411 2
2412 5
2413 2
2414 2
2415 7
2416 1
2417 2
2418 2
2419 5
2420 7
2421 2
2422 3
2423 2
2424 2
2425 2
2426 4
2427 3
2428 0
2429 4
2430 2
2431 1
2432 1
2433 1
2434 3
2435 2
2436 3
2437 6
2438 2
2439 2
2440 8
2441 0
2442 1
2443 6
2444 4
2445 0
2446 5
2447 4
2448 1
2449 2
2450 7
2451 4
2452 1
2453 0
2454 0
2455 2
2456 1
2457 1
2458 1
2459 3
2460 1
2461 3
2462 0
2463 6
2464 1
2465 2
2466 6
2467 4
2468 2
2469 7
2470 2
2471 2
2472 0
2473 5
2474 3
2475 1
2476 2
2477 1
2478 2
2479 4
2480 4
2481 2
2482 5
2483 4
2484 5
2485 4
2486 1
2487 1
2488 3
2489 2
2490 2
2491 5
2492 1
2493 3
2494 4
2495 3
2496 3
2497 5
2498 2
2499 1
2500 2
2501 1
2502 1
2503 4
2504 2
2505 1
2506 3
2507 5
2508 4
2509 1
2510 5
2511 2
2512 1
2513 3
2514 1
2515 0
2516 3
2517 4
2518 1
2519 3
2520 2
2521 5
2522 4
2523 4
2524 2
2525 2
2526 1
2527 4
2528 4
2529 3
2530 3
2531 3
2532 2
2533 2
2534 5
2535 3
2536 5
2537 3
2538 4
2539 6
2540 2
2541 1
2542 3
2543 6
2544 1
2545 3
2546 2
2547 3
2548 3
2549 3
2550 1
2551 7
2552 3
2553 6
2554 1
2555 4
2556 3
2557 2
2558 7
2559 2
2560 2
2561 3
2562 3
2563 3
2564 4
2565 0
2566 3
2567 6
2568 1
2569 3
2570 1
2571 5
2572 4
2573 1
2574 5
2575 8
2576 5
2577 5
2578 2
2579 2
2580 4
2581 3
2582 4
2583 2
2584 1
2585 4
2586 2
2587 1
2588 3
2589 4
2590 1
2591 1
2592 2
2593 2
2594 3
2595 4
2596 0
2597 3
2598 4
2599 3
2600 5
2601 2
2602 7
2603 0
2604 2
2605 5
2606 3
2607 2
2608 0
2609 0
2610 3
2611 4
2612 5
2613 4
2614 4
2615 3
2616 3
2617 6
2618 1
2619 2
2620 6
2621 0
2622 0
2623 3
2624 1
2625 5
2626 4
2627 2
2628 2
2629 0
2630 1
2631 2
2632 0
2633 4
2634 2
2635 3
2636 1
2637 6
2638 6
2639 2
2640 7
2641 1
2642 1
2643 2
2644 3
2645 4
2646 2
2647 0
2648 2
2649 4
2650 0
2651 4
2652 5
2653 0
2654 1
2655 0
2656 2
2657 0
2658 0
2659 1
2660 3
2661 1
2662 0
2663 3
2664 5
2665 4
2666 0
2667 6
2668 0
2669 2
2670 3
2671 0
2672 7
2673 5
2674 3
2675 2
2676 0
2677 0
2678 4
2679 2
2680 0
2681 0
2682 3
2683 7
2684 1
2685 2
2686 1
2687 1
2688 4
2689 5
2690 2
2691 2
2692 4
2693 3
2694 4
2695 9
2696 2
2697 6
2698 4
2699 1
2700 1
2701 4
2702 4
2703 2
2704 3
2705 3
2706 2
2707 2
2708 2
2709 2
2710 3
2711 3
2712 1
2713 1
2714 4
2715 4
2716 1
2717 4
2718 1
2719 2
2720 2
2721 0
2722 2
2723 9
2724 2
2725 4
2726 5
2727 2
2728 3
2729 2
2730 2
2731 4
2732 3
2733 0
2734 5
2735 1
2736 0
2737 3
2738 5
2739 1
2740 0
2741 3
2742 4
2743 2
2744 8
2745 3
2746 4
2747 6
2748 0
2749 7
2750 1
2751 3
2752 6
2753 7
2754 3
2755 2
2756 2
2757 5
2758 3
2759 5
2760 3
2761 4
2762 4
2763 5
2764 2
2765 3
2766 3
2767 2
2768 3
2769 4
2770 4
2771 6
2772 6
2773 2
2774 0
2775 3
2776 2
2777 4
2778 3
2779 0
2780 1
2781 2
2782 4
2783 2
2784 1
2785 3
2786 0
2787 1
2788 4
2789 1
2790 4
2791 2
2792 6
2793 2
2794 3
2795 7
2796 5
2797 2
2798 2
2799 6
2800 3
2801 4
2802 3
2803 0
2804 3
2805 6
2806 0
2807 3
2808 1
2809 0
2810 3
2811 6
2812 3
2813 0
2814 5
2815 1
2816 1
2817 1
2818 6
2819 1
2820 4
2821 2
2822 2
2823 2
2824 4
2825 2
2826 3
2827 1
2828 2
2829 2
2830 0
2831 3
2832 3
2833 1
2834 3
2835 2
2836 5
2837 2
2838 7
2839 3
2840 3
2841 1
2842 0
2843 0
2844 0
2845 0
2846 6
2847 5
2848 1
2849 3
2850 3
2851 2
2852 4
2853 0
2854 4
2855 4
2856 3
2857 4
2858 0
2859 3
2860 5
2861 1
2862 1
2863 3
2864 1
2865 3
2866 0
2867 3
2868 3
2869 3
2870 7
2871 2
2872 1
2873 2
2874 3
2875 2
2876 0
2877 3
2878 5
2879 2
2880 7
2881 1
2882 1
2883 0
2884 2
2885 4
2886 4
2887 1
2888 4
2889 6
2890 4
2891 3
2892 1
2893 4
2894 4
2895 3
2896 2
2897 2
2898 0
2899 3
2900 6
2901 0
2902 1
2903 1
2904 3
2905 5
2906 4
2907 3
2908 1
2909 2
2910 1
2911 4
2912 1
2913 3
2914 0
2915 7
2916 2
2917 3
2918 4
2919 7
2920 1
2921 2
2922 4
2923 1
2924 0
2925 2
2926 1
2927 0
2928 3
2929 4
2930 4
2931 1
2932 3
2933 3
2934 0
2935 0
2936 1
2937 4
2938 5
2939 3
2940 1
2941 1
2942 3
2943 3
2944 3
2945 1
2946 0
2947 2
2948 2
2949 3
2950 7
2951 2
2952 3
2953 2
2954 1
2955 4
2956 6
2957 4
2958 0
2959 7
2960 6
2961 4
2962 3
2963 2
2964 3
2965 4
2966 1
2967 3
2968 3
2969 2
2970 4
2971 4
2972 3
2973 4
2974 4
2975 5
2976 4
2977 3
2978 7
2979 2
2980 2
2981 4
2982 1
2983 3
2984 2
2985 3
2986 2
2987 3
2988 7
2989 0
2990 6
2991 0
2992 3
2993 3
2994 1
2995 4
2996 2
2997 0
2998 1
2999 4
3000 1
3001 6
3002 3
3003 2
3004 2
3005 1
3006 1
3007 1
3008 3
3009 3
3010 4
3011 0
3012 2
3013 7
3014 0
3015 2
3016 2
3017 4
3018 1
3019 1
3020 2
3021 0
3022 2
3023 6
3024 1
3025 0
3026 1
3027 7
3028 1
3029 6
3030 1
3031 1
3032 0
3033 4
3034 6
3035 6
3036 3
3037 1
3038 3
3039 3
3040 5
3041 2
3042 3
3043 0
3044 4
3045 5
3046 2
3047 4
3048 4
3049 4
3050 5
3051 5
3052 5
3053 2
3054 4
3055 4
3056 3
3057 4
3058 0
3059 2
3060 0
3061 2
3062 5
3063 2
3064 5
3065 1
3066 2
3067 5
3068 3
3069 2
3070 2
3071 5
3072 1
3073 5
3074 4
3075 5
3076 4
3077 0
3078 3
3079 3
3080 5
3081 1
3082 2
3083 2
3084 0
3085 2
3086 0
3087 1
3088 2
3089 4
3090 1
3091 1
3092 4
3093 3
3094 5
3095 1
3096 3
3097 6
3098 1
3099 3
3100 2
3101 4
3102 1
3103 2
3104 2
3105 4
3106 0
3107 3
3108 1
3109 3
3110 2
3111 4
3112 1
3113 2
3114 4
3115 3
3116 4
3117 0
3118 3
3119 5
3120 5
3121 0
3122 3
3123 4
3124 4
3125 4
3126 3
3127 4
3128 2
3129 2
3130 5
3131 4
3132 5
3133 5
3134 3
3135 0
3136 0
3137 4
3138 3
3139 4
3140 3
3141 3
3142 4
3143 6
3144 2
3145 2
3146 4
3147 1
3148 6
3149 3
3150 1
3151 1
3152 4
3153 3
3154 1
3155 2
3156 4
3157 3
3158 2
3159 2
3160 8
3161 4
3162 4
3163 0
3164 4
3165 2
3166 0
3167 4
3168 1
3169 1
3170 1
3171 4
3172 0
3173 5
3174 2
3175 3
3176 5
3177 3
3178 2
3179 4
3180 0
3181 2
3182 3
3183 5
3184 3
3185 0
3186 8
3187 3
3188 2
3189 3
3190 2
3191 3
3192 3
3193 2
3194 5
3195 0
3196 1
3197 6
3198 3
3199 6
3200 5
3201 2
3202 2
3203 0
3204 1
3205 5
3206 4
3207 2
3208 3
3209 2
3210 2
3211 1
3212 2
3213 0
3214 4
3215 3
3216 2
3217 1
3218 1
3219 1
3220 2
3221 3
3222 0
3223 3
3224 1
3225 3
3226 7
3227 9
3228 2
3229 1
3230 2
3231 4
3232 2
3233 2
3234 1
3235 5
3236 3
3237 1
3238 2
3239 2
3240 4
3241 4
3242 3
3243 3
3244 0
3245 0
3246 6
3247 4
3248 1
3249 0
3250 1
3251 0
3252 5
3253 7
3254 6
3255 2
3256 2
3257 5
3258 0
3259 5
3260 2
3261 2
3262 5
3263 5
3264 5
3265 3
3266 3
3267 5
3268 3
3269 2
3270 4
3271 0
3272 3
3273 4
3274 1
3275 1
3276 1
3277 4
3278 2
3279 2
3280 2
3281 1
3282 4
3283 2
3284 1
3285 2
3286 3
3287 1
3288 5
3289 3
3290 3
3291 2
3292 0
3293 2
3294 5
3295 3
3296 0
3297 1
3298 4
3299 4
3300 3
3301 1
3302 5
3303 2
3304 0
3305 3
3306 5
3307 3
3308 2
3309 0
3310 2
3311 5
3312 2
3313 1
3314 2
3315 4
3316 1
3317 2
3318 3
3319 3
3320 0
3321 5
3322 0
3323 2
3324 0
3325 2
3326 4
3327 2
3328 3
3329 2
3330 5
3331 6
3332 3
3333 2
3334 1
3335 1
3336 1
3337 3
3338 3
3339 0
3340 5
3341 7
3342 1
3343 2
3344 3
3345 6
3346 5
3347 1
3348 2
3349 1
3350 3
3351 7
3352 3
3353 5
3354 1
3355 1
3356 2
3357 1
3358 0
3359 5
3360 3
3361 2
3362 3
3363 1
3364 4
3365 3
3366 0
3367 3
3368 3
3369 3
3370 0
3371 0
3372 3
3373 4
3374 1
3375 4
3376 2
3377 2
3378 4
3379 0
3380 2
3381 5
3382 5
3383 4
3384 6
3385 3
3386 3
3387 6
3388 0
3389 1
3390 6
3391 6
3392 6
3393 2
3394 4
3395 4
3396 4
3397 1
3398 4
3399 7
3400 6
3401 2
3402 4
3403 6
3404 3
3405 4
3406 2
3407 7
3408 5
3409 2
3410 3
3411 3
3412 6
3413 5
3414 2
3415 1
3416 0
3417 4
3418 5
3419 5
3420 0
3421 3
3422 5
3423 6
3424 2
3425 1
3426 2
3427 0
3428 3
3429 7
3430 0
3431 2
3432 1
3433 4
3434 2
3435 2
3436 2
3437 0
3438 3
3439 4
3440 3
3441 5
3442 4
3443 4
3444 1
3445 7
3446 5
3447 4
3448 0
3449 0
3450 1
3451 1
3452 3
3453 0
3454 1
3455 0
3456 3
3457 0
3458 5
3459 5
3460 3
3461 0
3462 4
3463 1
3464 3
3465 4
3466 5
3467 5
3468 4
3469 2
3470 0
3471 6
3472 3
3473 1
3474 1
3475 2
3476 1
3477 4
3478 1
3479 2
3480 4
3481 3
3482 5
3483 4
3484 0
3485 3
3486 5
3487 4
3488 0
3489 1
3490 1
3491 4
3492 1
3493 4
3494 3
3495 3
3496 3
3497 2
3498 0
3499 0
3500 1
3501 4
3502 4
3503 2
3504 3
3505 2
3506 2
3507 6
3508 4
3509 5
3510 7
3511 6
3512 3
3513 5
3514 1
3515 2
3516 2
3517 4
3518 6
3519 5
3520 0
3521 3
3522 0
3523 1
3524 0
3525 1
3526 1
3527 1
3528 1
3529 8
3530 4
3531 3
3532 2
3533 4
3534 4
3535 5
3536 3
3537 2
3538 1
3539 7
3540 4
3541 3
3542 2
3543 2
3544 0
3545 2
3546 3
3547 1
3548 3
3549 3
3550 2
3551 3
3552 2
3553 2
3554 4
3555 0
3556 2
3557 7
3558 3
3559 1
3560 5
3561 5
3562 2
3563 0
3564 4
3565 3
3566 3
3567 6
3568 2
3569 3
3570 1
3571 1
3572 2
3573 3
3574 1
3575 0
3576 0
3577 2
3578 4
3579 5
3580 2
3581 2
3582 1
3583 7
3584 4
3585 0
3586 2
3587 4
3588 0
3589 2
3590 4
3591 5
3592 0
3593 6
3594 0
3595 4
3596 1
3597 3
3598 9
3599 1
3600 1
3601 6
3602 4
3603 3
3604 5
3605 3
3606 1
3607 2
3608 6
3609 2
3610 2
3611 5
3612 3
3613 2
3614 5
3615 6
3616 4
3617 3
3618 4
3619 2
3620 0
3621 2
3622 1
3623 1
3624 4
3625 1
3626 2
3627 2
3628 1
3629 2
3630 6
3631 4
3632 1
3633 4
3634 2
3635 0
3636 2
3637 1
3638 2
3639 3
3640 1
3641 3
3642 2
3643 1
3644 3
3645 2
3646 2
3647 3
3648 0
3649 3
3650 3
3651 3
3652 2
3653 3
3654 1
3655 1
3656 5
3657 1
3658 7
3659 3
3660 0
3661 1
3662 2
3663 1
3664 2
3665 2
3666 1
3667 4
3668 1
3669 4
3670 5
3671 1
3672 0
3673 1
3674 2
3675 2
3676 3
3677 2
3678 0
3679 3
3680 3
3681 5
3682 2
3683 7
3684 5
3685 3
3686 7
3687 2
3688 6
3689 5
3690 5
3691 7
3692 3
3693 3
3694 5
3695 8
3696 4
3697 3
3698 5
3699 3
3700 4
3701 2
3702 5
3703 1
3704 5
3705 7
3706 1
3707 0
3708 2
3709 3
3710 2
3711 1
3712 2
3713 3
3714 2
3715 5
3716 3
3717 3
3718 3
3719 1
3720 8
3721 2
3722 2
3723 0
3724 1
3725 3
3726 3
3727 0
3728 2
3729 1
3730 2
3731 1
3732 2
3733 0
3734 6
3735 4
3736 1
3737 4
3738 0
3739 2
3740 1
3741 2
3742 4
3743 2
3744 6
3745 4
3746 5
3747 3
3748 0
3749 4
3750 4
3751 4
3752 3
3753 8
3754 0
3755 2
3756 0
3757 3
3758 0
3759 1
3760 6
3761 1
3762 5
3763 6
3764 5
3765 2
3766 4
3767 2
3768 2
3769 2
3770 4
3771 3
3772 2
3773 3
3774 4
3775 0
3776 4
3777 1
3778 5
3779 0
3780 2
3781 5
3782 0
3783 0
3784 4
3785 6
3786 4
3787 2
3788 0
3789 3
3790 6
3791 5
3792 3
3793 4
3794 2
3795 5
3796 4
3797 1
3798 1
3799 2
3800 4
3801 8
3802 3
3803 1
3804 2
3805 4
3806 1
3807 0
3808 4
3809 2
3810 5
3811 0
3812 2
3813 1
3814 0
3815 3
3816 1
3817 3
3818 2
3819 3
3820 3
3821 4
3822 3
3823 0
3824 7
3825 1
3826 2
3827 2
3828 5
3829 5
3830 4
3831 1
3832 3
3833 1
3834 2
3835 3
3836 0
3837 1
3838 2
3839 3
3840 4
3841 1
3842 1
3843 1
3844 3
3845 2
3846 1
3847 2
3848 1
3849 3
3850 4
3851 3
3852 1
3853 3
3854 5
3855 4
3856 2
3857 0
3858 2
3859 0
3860 2
3861 2
3862 3
3863 2
3864 7
3865 3
3866 0
3867 2
3868 3
3869 2
3870 0
3871 4
3872 5
3873 1
3874 3
3875 1
3876 1
3877 2
3878 2
3879 1
3880 0
3881 4
3882 4
3883 2
3884 0
3885 6
3886 2
3887 3
3888 2
3889 3
3890 0
3891 2
3892 7
3893 4
3894 3
3895 1
3896 2
3897 2
3898 1
3899 0
3900 1
3901 2
3902 5
3903 2
3904 1
3905 1
3906 3
3907 1
3908 3
3909 1
3910 4
3911 1
3912 1
3913 6
3914 3
3915 4
3916 3
3917 6
3918 4
3919 1
3920 0
3921 2
3922 4
3923 3
3924 2
3925 1
3926 4
3927 7
3928 0
3929 3
3930 3
3931 2
3932 1
3933 2
3934 4
3935 0
3936 5
3937 2
3938 0
3939 2
3940 4
3941 3
3942 0
3943 4
3944 3
3945 0
3946 4
3947 2
3948 5
3949 4
3950 4
3951 3
3952 4
3953 4
3954 2
3955 3
3956 7
3957 2
3958 1
3959 4
3960 2
3961 0
3962 2
3963 1
3964 2
3965 2
3966 4
3967 2
3968 3
3969 5
3970 0
3971 5
3972 4
3973 1
3974 0
3975 2
3976 4
3977 2
3978 1
3979 0
3980 1
3981 5
3982 5
3983 1
3984 0
3985 5
3986 2
3987 3
3988 0
3989 3
3990 2
3991 0
3992 2
3993 5
3994 4
3995 2
3996 1
3997 2
3998 2
3999 1
4000 0
4001 1
4002 8
4003 0
4004 4
4005 3
4006 3
4007 7
4008 0
4009 4
4010 5
4011 3
4012 2
4013 2
4014 8
4015 1
4016 1
4017 3
4018 3
4019 2
4020 6
4021 2
4022 4
4023 3
4024 1
4025 2
4026 7
4027 3
4028 0
4029 7
4030 7
4031 2
4032 3
4033 0
4034 5
4035 2
4036 1
4037 0
4038 1
4039 4
4040 1
4041 1
4042 2
4043 2
4044 5
4045 3
4046 4
4047 2
4048 7
4049 5
4050 5
4051 2
4052 1
4053 0
4054 9
4055 1
4056 6
4057 4
4058 5
4059 3
4060 5
4061 3
4062 2
4063 3
4064 6
4065 3
4066 3
4067 0
4068 2
4069 4
4070 2
4071 3
4072 5
4073 5
4074 1
4075 3
4076 5
4077 4
4078 0
4079 3
4080 3
4081 2
4082 6
4083 6
4084 1
4085 3
4086 2
4087 2
4088 1
4089 4
4090 3
4091 0
4092 2
4093 6
4094 1
4095 3
4096 5
4097 0
4098 1
4099 0
4100 1
4101 1
4102 2
4103 2
4104 3
4105 3
4106 2
4107 4
4108 4
4109 0
4110 3
4111 3
4112 5
4113 6
4114 0
4115 3
4116 1
4117 5
4118 3
4119 3
4120 3
4121 2
4122 4
4123 1
4124 1
4125 1
4126 0
4127 3
4128 3
4129 1
4130 4
4131 4
4132 5
4133 2
4134 0
4135 5
4136 3
4137 3
4138 5
4139 6
4140 5
4141 1
4142 7
4143 3
4144 2
4145 2
4146 3
4147 0
4148 2
4149 4
4150 5
4151 5
4152 8
4153 4
4154 3
4155 4
4156 2
4157 5
4158 2
4159 0
4160 5
4161 1
4162 3
4163 6
4164 5
4165 3
4166 1
4167 4
4168 1
4169 4
4170 6
4171 3
4172 1
4173 0
4174 2
4175 1
4176 0
4177 2
4178 4
4179 3
4180 7
4181 8
4182 4
4183 5
4184 0
4185 2
4186 2
4187 0
4188 2
4189 1
4190 4
4191 4
4192 0
4193 2
4194 4
4195 5
4196 6
4197 4
4198 1
4199 1
4200 2
4201 4
4202 3
4203 4
4204 4
4205 4
4206 2
4207 5
4208 5
4209 1
4210 0
4211 5
4212 0
4213 2
4214 1
4215 2
4216 2
4217 0
4218 5
4219 3
4220 0
4221 1
4222 3
4223 1
4224 3
4225 4
4226 4
4227 2
4228 2
4229 1
4230 1
4231 1
4232 4
4233 4
4234 1
4235 5
4236 0
4237 2
4238 4
4239 3
4240 2
4241 1
4242 0
4243 4
4244 1
4245 2
4246 1
4247 5
4248 3
4249 2
4250 4
4251 0
4252 1
4253 2
4254 3
4255 1
4256 3
4257 1
4258 0
4259 2
4260 6
4261 0
4262 1
4263 1
4264 2
4265 2
4266 1
4267 2
4268 6
4269 4
4270 4
4271 3
4272 9
4273 2
4274 2
4275 0
4276 4
4277 1
4278 2
4279 7
4280 2
4281 6
4282 2
4283 0
4284 0
4285 1
4286 4
4287 2
4288 4
4289 1
4290 3
4291 9
4292 0
4293 6
4294 5
4295 1
4296 2
4297 6
4298 3
4299 2
4300 2
4301 4
4302 2
4303 2
4304 1
4305 0
4306 5
4307 0
4308 5
4309 4
4310 4
4311 10
4312 4
4313 2
4314 0
4315 1
4316 5
4317 5
4318 1
4319 2
4320 2
4321 3
4322 1
4323 1
4324 1
4325 3
4326 1
4327 3
4328 3
4329 2
4330 6
4331 2
4332 6
4333 2
4334 3
4335 1
4336 7
4337 0
4338 5
4339 5
4340 6
4341 4
4342 1
4343 3
4344 4
4345 4
4346 3
4347 4
4348 2
4349 1
4350 1
4351 3
4352 3
4353 5
4354 2
4355 2
4356 1
4357 3
4358 0
4359 1
4360 7
4361 4
4362 5
4363 2
4364 2
4365 2
4366 0
4367 3
4368 4
4369 0
4370 2
4371 0
4372 5
4373 2
4374 0
4375 7
4376 3
4377 1
4378 3
4379 1
4380 2
4381 1
4382 1
4383 2
4384 1
4385 3
4386 3
4387 8
4388 1
4389 1
4390 5
4391 0
4392 3
4393 2
4394 2
4395 4
4396 1
4397 2
4398 3
4399 6
4400 5
4401 1
4402 4
4403 5
4404 7
4405 10
4406 1
4407 0
4408 2
4409 1
4410 3
4411 2
4412 4
4413 1
4414 4
4415 0
4416 0
4417 1
4418 2
4419 1
4420 0
4421 6
4422 3
4423 2
4424 0
4425 1
4426 3
4427 4
4428 2
4429 1
4430 3
4431 3
4432 2
4433 6
4434 1
4435 0
4436 2
4437 3
4438 3
4439 2
4440 3
4441 3
4442 8
4443 3
4444 6
4445 4
4446 5
4447 0
4448 2
4449 5
4450 5
4451 2
4452 6
4453 3
4454 5
4455 4
4456 2
4457 4
4458 2
4459 7
4460 0
4461 0
4462 3
4463 1
4464 3
4465 2
4466 2
4467 1
4468 5
4469 4
4470 3
4471 5
4472 7
4473 1
4474 2
4475 5
4476 3
4477 6
4478 4
4479 4
4480 1
4481 2
4482 3
4483 3
4484 6
4485 0
4486 2
4487 3
4488 4
4489 6
4490 2
4491 6
4492 2
4493 0
4494 2
4495 6
4496 3
4497 3
4498 1
4499 2
4500 1
4501 2
4502 5
4503 4
4504 1
4505 4
4506 7
4507 5
4508 3
4509 5
4510 5
4511 2
4512 5
4513 2
4514 3
4515 0
4516 6
4517 4
4518 2
4519 2
4520 2
4521 3
4522 3
4523 2
4524 4
4525 3
4526 4
4527 2
4528 2
4529 5
4530 4
4531 1
4532 2
4533 2
4534 3
4535 3
4536 0
4537 0
4538 3
4539 1
4540 3
4541 4
4542 0
4543 1
4544 2
4545 3
4546 2
4547 0
4548 3
4549 1
4550 2
4551 0
4552 4
4553 3
4554 2
4555 4
4556 3
4557 2
4558 3
4559 3
4560 5
4561 3
4562 6
4563 2
4564 6
4565 1
4566 1
4567 5
4568 4
4569 1
4570 2
4571 0
4572 4
4573 5
4574 3
4575 2
4576 2
4577 4
4578 0
4579 1
4580 5
4581 5
4582 4
4583 5
4584 6
4585 5
4586 4
4587 1
4588 3
4589 4
4590 3
4591 2
4592 2
4593 10
4594 7
4595 1
4596 3
4597 5
4598 3
4599 3
4600 4
4601 4
4602 10
4603 1
4604 1
4605 5
4606 4
4607 3
4608 1
4609 2
4610 1
4611 5
4612 2
4613 2
4614 5
4615 2
4616 0
4617 0
4618 2
4619 0
4620 0
4621 3
4622 1
4623 4
4624 0
4625 5
4626 2
4627 2
4628 2
4629 7
4630 3
4631 2
4632 2
4633 1
4634 3
4635 1
4636 0
4637 0
4638 1
4639 6
4640 1
4641 1
4642 3
4643 5
4644 2
4645 0
4646 2
4647 4
4648 2
4649 0
4650 9
4651 1
4652 1
4653 3
4654 4
4655 2
4656 3
4657 2
4658 4
4659 4
4660 5
4661 4
4662 1
4663 1
4664 6
4665 0
4666 8
4667 4
4668 5
4669 3
4670 0
4671 6
4672 1
4673 4
4674 3
4675 5
4676 2
4677 1
4678 1
4679 1
4680 3
4681 3
4682 0
4683 1
4684 0
4685 7
4686 2
4687 0
4688 4
4689 1
4690 2
4691 2
4692 0
4693 4
4694 4
4695 1
4696 3
4697 3
4698 1
4699 1
4700 1
4701 3
4702 3
4703 0
4704 8
4705 8
4706 1
4707 1
4708 3
4709 6
4710 2
4711 2
4712 5
4713 2
4714 7
4715 7
4716 8
4717 1
4718 0
4719 2
4720 3
4721 4
4722 3
4723 0
4724 1
4725 4
4726 2
4727 2
4728 3
4729 3
4730 2
4731 4
4732 1
4733 2
4734 2
4735 1
4736 6
4737 2
4738 6
4739 4
4740 5
4741 1
4742 4
4743 2
4744 1
4745 1
4746 2
4747 3
4748 3
4749 0
4750 6
4751 2
4752 4
4753 5
4754 5
4755 3
4756 2
4757 5
4758 0
4759 0
4760 3
4761 2
4762 3
4763 0
4764 0
4765 7
4766 0
4767 3
4768 1
4769 2
4770 5
4771 1
4772 1
4773 2
4774 5
4775 1
4776 3
4777 0
4778 6
4779 6
4780 4
4781 11
4782 4
4783 0
4784 0
4785 1
4786 1
4787 2
4788 4
4789 1
4790 2
4791 3
4792 4
4793 1
4794 1
4795 3
4796 0
4797 1
4798 0
4799 3
4800 2
4801 1
4802 0
4803 2
4804 1
4805 0
4806 3
4807 2
4808 3
4809 4
4810 5
4811 1
4812 1
4813 0
4814 1
4815 4
4816 6
4817 1
4818 6
4819 5
4820 3
4821 6
4822 7
4823 0
4824 7
4825 5
4826 5
4827 6
4828 2
4829 3
4830 0
4831 1
4832 2
4833 3
4834 4
4835 2
4836 2
4837 2
4838 2
4839 5
4840 2
4841 2
4842 1
4843 2
4844 5
4845 2
4846 1
4847 1
4848 4
4849 3
4850 0
4851 2
4852 1
4853 4
4854 2
4855 3
4856 0
4857 5
4858 3
4859 1
4860 0
4861 3
4862 0
4863 5
4864 2
4865 0
4866 6
4867 2
4868 0
4869 2
4870 2
4871 2
4872 5
4873 0
4874 2
4875 3
4876 3
4877 4
4878 5
4879 2
4880 2
4881 5
4882 2
4883 3
4884 4
4885 3
4886 2
4887 3
4888 3
4889 3
4890 0
4891 5
4892 0
4893 3
4894 0
4895 3
4896 5
4897 3
4898 6
4899 4
4900 4
4901 5
4902 1
4903 8
4904 1
4905 3
4906 3
4907 1
4908 1
4909 1
4910 4
4911 3
4912 3
4913 2
4914 0
4915 3
4916 3
4917 0
4918 4
4919 4
4920 1
4921 0
4922 1
4923 1
4924 4
4925 4
4926 0
4927 1
4928 1
4929 5
4930 3
4931 3
4932 4
4933 5
4934 4
4935 6
4936 4
4937 4
4938 3
4939 4
4940 3
4941 6
4942 1
4943 1
4944 2
4945 4
4946 1
4947 3
4948 1
4949 2
4950 4
4951 3
4952 2
4953 1
4954 5
4955 4
4956 1
4957 6
4958 2
4959 5
4960 2
4961 2
4962 1
4963 2
4964 0
4965 3
4966 4
4967 0
4968 5
4969 1
4970 4
4971 6
4972 0
4973 3
4974 0
4975 0
4976 0
4977 6
4978 4
4979 1
4980 0
4981 1
4982 1
4983 0
4984 1
4985 4
4986 3
4987 4
4988 2
4989 0
4990 6
4991 5
4992 0
4993 6
4994 2
4995 2
4996 1
4997 2
4998 0
4999 2
