0 2
1 4
2 4
3 4
4 2
5 6
6 0
7 3
8 1
9 5
10 3
11 3
12 2
13 2
14 4
15 3
16 1
17 3
18 2
19 2
20 3
21 3
22 1
23 3
24 2
25 3
26 1
27 2
28 2
29 1
30 0
31 3
32 3
33 3
34 2
35 2
36 3
37 2
38 1
39 1
40 2
41 6
42 6
43 5
44 4
45 0
46 6
47 5
48 2
49 2
50 4
51 0
52 1
53 3
54 2
55 2
56 7
57 2
58 1
59 2
60 2
61 3
62 1
63 1
64 3
65 3
66 2
67 3
68 0
69 5
70 0
71 4
72 3
73 4
74 5
75 3
76 3
77 3
78 5
79 4
80 2
81 2
82 3
83 6
84 2
85 1
86 3
87 3
88 3
89 3
90 5
91 0
92 1
93 2
94 1
95 1
96 3
97 4
98 1
99 1
100 6
101 1
102 3
103 1
104 6
105 2
106 2
107 4
108 1
109 2
110 2
111 1
112 4
113 1
114 1
115 3
116 2
117 4
118 1
119 5
120 3
121 3
122 0
123 6
124 3
125 4
126 1
127 2
128 5
129 5
130 2
131 3
132 2
133 2
134 5
135 1
136 3
137 0
138 1
139 4
140 1
141 3
142 3
143 3
144 3
145 3
146 2
147 0
148 4
149 2
150 3
151 0
152 5
153 2
154 1
155 3
156 2
157 1
158 2
159 5
160 2
161 4
162 0
163 1
164 5
165 3
166 3
167 3
168 0
169 2
170 3
171 3
172 2
173 3
174 0
175 2
176 2
177 1
178 1
179 1
180 2
181 2
182 1
183 4
184 4
185 0
186 4
187 6
188 1
189 2
190 4
191 3
192 3
193 5
194 1
195 3
196 1
197 2
198 3
199 2
200 0
201 4
202 2
203 2
204 2
205 2
206 2
207 1
208 0
209 2
210 3
211 3
212 8
213 1
214 6
215 6
216 1
217 3
218 2
219 3
220 4
221 2
222 0
223 3
224 6
225 0
226 4
227 3
228 2
229 2
230 5
231 3
232 5
233 1
234 1
235 4
236 1
237 0
238 1
239 3
240 8
241 4
242 1
243 1
244 2
245 4
246 5
247 3
248 0
249 4
250 7
251 4
252 0
253 4
254 4
255 1
256 1
257 1
258 2
259 4
260 2
261 3
262 1
263 1
264 3
265 2
266 0
267 2
268 3
269 0
270 2
271 3
272 3
273 0
274 0
275 0
276 4
277 5
278 4
279 0
280 4
281 1
282 3
283 1
284 3
285 1
286 2
287 2
288 1
289 2
290 2
291 5
292 0
293 3
294 3
295 3
296 1
297 3
298 1
299 6
300 6
301 6
302 3
303 6
304 2
305 4
306 2
307 0
308 6
309 3
310 5
311 3
312 6
313 5
314 2
315 4
316 6
317 2
318 4
319 1
320 0
321 5
322 4
323 2
324 4
325 1
326 3
327 4
328 0
329 4
330 4
331 1
332 5
333 2
334 0
335 0
336 1
337 2
338 4
339 7
340 2
341 1
342 1
343 3
344 0
345 3
346 2
347 3
348 0
349 3
350 2
351 3
352 0
353 2
354 5
355 3
356 1
357 1
358 9
359 2
360 0
361 5
362 4
363 1
364 1
365 4
366 2
367 5
368 7
369 0
370 3
371 4
372 1
373 1
374 2
375 1
376 2
377 4
378 1
379 6
380 1
381 1
382 1
383 2
384 3
385 3
386 5
387 3
388 3
389 8
390 1
391 3
392 4
393 4
394 4
395 5
396 0
397 4
398 3
399 2
400 6
401 2
402 2
403 4
404 1
405 2
406 0
407 3
408 4
409 4
410 4
411 2
412 2
413 4
414 1
415 3
416 3
417 1
418 0
419 3
420 4
421 0
422 0
423 4
424 2
425 5
426 3
427 0
428 2
429 6
430 4
431 2
432 1
433 9
434 1
435 2
436 3
437 0
438 3
439 2
440 4
441 3
442 3
443 2
444 3
445 1
446 0
447 2
448 0
449 2
450 4
451 2
452 1
453 1
454 2
455 4
456 5
457 5
458 0
459 4
460 4
461 6
462 1
463 2
464 2
465 7
466 5
467 1
468 2
469 3
470 1
471 2
472 3
473 1
474 1
475 6
476 2
477 4
478 1
479 6
480 0
481 4
482 1
483 1
484 0
485 3
486 0
487 4
488 2
489 2
490 4
491 4
492 2
493 4
494 6
495 1
496 2
497 4
498 5
499 4
500 7
501 8
502 0
503 4
504 2
505 2
506 5
507 1
508 2
509 5
510 6
511 1
512 6
513 7
514 3
515 5
516 3
517 6
518 0
519 2
520 2
521 4
522 6
523 1
524 5
525 1
526 0
527 2
528 0
529 1
530 6
531 6
532 2
533 3
534 1
535 3
536 4
537 3
538 4
539 0
540 6
541 0
542 4
543 4
544 0
545 6
546 3
547 3
548 1
549 1
550 3
551 1
552 4
553 3
554 3
555 1
556 3
557 1
558 1
559 3
560 5
561 3
562 4
563 3
564 5
565 6
566 2
567 1
568 3
569 4
570 2
571 0
572 2
573 5
574 8
575 1
576 5
577 4
578 2
579 5
580 3
581 5
582 2
583 3
584 0
585 0
586 8
587 1
588 3
589 0
590 1
591 0
592 7
593 1
594 0
595 4
596 4
597 3
598 3
599 1
600 2
601 0
602 1
603 0
604 4
605 1
606 4
607 6
608 3
609 5
610 2
611 5
612 4
613 3
614 5
615 3
616 3
617 0
618 3
619 5
620 3
621 2
622 1
623 2
624 1
625 5
626 3
627 3
628 4
629 2
630 1
631 4
632 0
633 0
634 3
635 1
636 4
637 3
638 4
639 2
640 2
641 6
642 0
643 2
644 2
645 1
646 3
647 4
648 1
649 4
650 2
651 2
652 3
653 6
654 1
655 3
656 3
657 3
658 5
659 6
660 0
661 2
662 1
663 1
664 1
665 3
666 7
667 4
668 2
669 2
670 6
671 5
672 2
673 3
674 0
675 1
676 2
677 3
678 4
679 3
680 2
681 5
682 0
683 2
684 3
685 5
686 3
687 4
688 4
689 4
690 0
691 2
692 3
693 0
694 3
695 6
696 6
697 3
698 3
699 3
700 3
701 4
702 7
703 3
704 3
705 6
706 0
707 4
708 3
709 3
710 1
711 2
712 5
713 1
714 3
715 1
716 2
717 3
718 4
719 2
720 3
721 0
722 4
723 5
724 4
725 1
726 2
727 4
728 5
729 2
730 2
731 0
732 2
733 2
734 1
735 3
736 6
737 3
738 4
739 1
740 5
741 4
742 3
743 3
744 1
745 2
746 4
747 7
748 4
749 1
750 4
751 0
752 3
753 1
754 1
755 3
756 4
757 2
758 1
759 3
760 5
761 5
762 1
763 5
764 5
765 0
766 6
767 1
768 0
769 3
770 4
771 0
772 2
773 3
774 0
775 4
776 3
777 5
778 3
779 2
780 2
781 4
782 2
783 6
784 0
785 1
786 2
787 1
788 6
789 7
790 0
791 7
792 2
793 2
794 1
795 2
796 5
797 3
798 3
799 1
800 5
801 5
802 0
803 1
804 3
805 1
806 4
807 4
808 3
809 0
810 4
811 2
812 3
813 2
814 4
815 2
816 2
817 1
818 6
819 0
820 3
821 0
822 1
823 4
824 2
825 2
826 4
827 5
828 2
829 1
830 2
831 1
832 1
833 5
834 5
835 1
836 3
837 6
838 1
839 0
840 4
841 3
842 4
843 3
844 0
845 3
846 3
847 0
848 5
849 3
850 2
851 3
852 1
853 2
854 2
855 3
856 5
857 3
858 2
859 3
860 1
861 6
862 2
863 3
864 3
865 3
866 3
867 6
868 4
869 2
870 2
871 1
872 2
873 4
874 2
875 2
876 0
877 3
878 3
879 0
880 2
881 1
882 2
883 6
884 4
885 2
886 3
887 5
888 1
889 1
890 3
891 2
892 0
893 4
894 2
895 1
896 1
897 1
898 1
899 3
900 2
901 4
902 3
903 3
904 4
905 0
906 2
907 4
908 1
909 2
910 1
911 2
912 2
913 3
914 1
915 2
916 1
917 2
918 4
919 3
920 2
921 7
922 5
923 6
924 3
925 5
926 3
927 5
928 1
929 3
930 5
931 2
932 3
933 0
934 2
935 6
936 2
937 2
938 3
939 5
940 5
941 3
942 0
943 3
944 2
945 5
946 2
947 1
948 2
949 3
950 2
951 4
952 7
953 2
954 5
955 4
956 5
957 3
958 1
959 3
960 1
961 2
962 0
963 6
964 5
965 2
966 2
967 3
968 0
969 1
970 5
971 2
972 1
973 3
974 5
975 3
976 2
977 0
978 4
979 2
980 7
981 2
982 4
983 7
984 2
985 1
986 1
987 0
988 0
989 6
990 4
991 2
992 2
993 2
994 4
995 2
996 4
997 3
998 3
999 3
1000 4
1001 3
1002 5
1003 2
1004 8
1005 5
1006 3
1007 3
1008 4
1009 1
1010 2
1011 1
1012 5
1013 3
1014 4
1015 3
1016 1
1017 3
1018 0
1019 1
1020 1
1021 5
1022 4
1023 1
1024 2
1025 2
1026 4
1027 2
1028 0
1029 5
1030 4
1031 3
1032 1
1033 2
1034 2
1035 3
1036 1
1037 2
1038 5
1039 3
1040 1
1041 3
1042 4
1043 3
1044 3
1045 2
1046 7
1047 6
1048 1
1049 3
1050 3
1051 3
1052 6
1053 7
1054 3
1055 3
1056 1
1057 1
1058 2
1059 7
1060 0
1061 3
1062 3
1063 4
1064 6
1065 2
1066 2
1067 1
1068 2
1069 3
1070 3
1071 5
1072 3
1073 2
1074 2
1075 7
1076 2
1077 4
1078 3
1079 5
1080 4
1081 1
1082 0
1083 3
1084 5
1085 0
1086 2
1087 4
1088 6
1089 0
1090 5
1091 4
1092 0
1093 5
1094 1
1095 1
1096 3
1097 2
1098 3
1099 0
1100 3
1101 5
1102 4
1103 3
1104 3
1105 3
1106 3
1107 7
1108 4
1109 1
1110 7
1111 6
1112 4
1113 3
1114 2
1115 1
1116 4
1117 5
1118 5
1119 4
1120 2
1121 0
1122 1
1123 0
1124 0
1125 1
1126 2
1127 3
1128 0
1129 3
1130 1
1131 1
1132 1
1133 1
1134 0
1135 3
1136 5
1137 5
1138 3
1139 2
1140 0
1141 3
1142 1
1143 3
1144 4
1145 3
1146 1
1147 5
1148 3
1149 2
1150 2
1151 2
1152 0
1153 0
1154 6
1155 2
1156 3
1157 3
1158 5
1159 2
1160 3
1161 3
1162 0
1163 4
1164 3
1165 7
1166 2
1167 3
1168 2
1169 0
1170 2
1171 0
1172 7
1173 2
1174 4
1175 1
1176 6
1177 3
1178 4
1179 3
1180 1
1181 3
1182 0
1183 4
1184 2
1185 0
1186 8
1187 4
1188 0
1189 3
1190 2
1191 3
1192 3
1193 2
1194 1
1195 6
1196 3
1197 1
1198 0
1199 3
1200 0
1201 3
1202 1
1203 2
1204 4
1205 7
1206 6
1207 2
1208 1
1209 3
1210 3
1211 0
1212 0
1213 3
1214 3
1215 1
1216 0
1217 3
1218 3
1219 6
1220 3
1221 5
1222 2
1223 2
1224 2
1225 4
1226 5
1227 3
1228 3
1229 5
1230 3
1231 2
1232 0
1233 3
1234 1
1235 6
1236 4
1237 2
1238 2
1239 5
1240 4
1241 0
1242 2
1243 3
1244 4
1245 2
1246 1
1247 4
1248 6
1249 1
1250 4
1251 3
1252 2
1253 4
1254 2
1255 6
1256 3
1257 1
1258 2
1259 6
1260 3
1261 0
1262 1
1263 5
1264 2
1265 5
1266 3
1267 4
1268 6
1269 2
1270 5
1271 3
1272 0
1273 7
1274 4
1275 4
1276 3
1277 0
1278 0
1279 0
1280 4
1281 2
1282 1
1283 1
1284 8
1285 1
1286 6
1287 1
1288 2
1289 0
1290 0
1291 0
1292 1
1293 4
1294 5
1295 4
1296 3
1297 4
1298 1
1299 5
1300 5
1301 0
1302 0
1303 3
1304 3
1305 3
1306 3
1307 4
1308 4
1309 1
1310 2
1311 3
1312 3
1313 2
1314 2
1315 3
1316 1
1317 3
1318 6
1319 2
1320 0
1321 6
1322 2
1323 7
1324 6
1325 3
1326 4
1327 7
1328 4
1329 5
1330 1
1331 5
1332 4
1333 3
1334 6
1335 4
1336 7
1337 1
1338 2
1339 6
1340 2
1341 3
1342 1
1343 0
1344 3
1345 3
1346 0
1347 1
1348 0
1349 1
1350 3
1351 0
1352 2
1353 2
1354 0
1355 6
1356 2
1357 2
1358 6
1359 3
1360 0
1361 4
1362 5
1363 4
1364 5
1365 0
1366 2
1367 4
1368 7
1369 3
1370 4
1371 1
1372 5
1373 0
1374 3
1375 3
1376 2
1377 3
1378 1
1379 4
1380 2
1381 0
1382 4
1383 1
1384 4
1385 5
1386 2
1387 2
1388 5
1389 5
1390 2
1391 0
1392 3
1393 4
1394 2
1395 1
1396 0
1397 4
1398 1
1399 6
1400 3
1401 3
1402 4
1403 2
1404 3
1405 2
1406 2
1407 5
1408 3
1409 2
1410 1
1411 3
1412 1
1413 1
1414 6
1415 3
1416 1
1417 0
1418 7
1419 5
1420 3
1421 4
1422 1
1423 3
1424 2
1425 1
1426 1
1427 0
1428 1
1429 3
1430 1
1431 1
1432 3
1433 6
1434 2
1435 1
1436 3
1437 3
1438 7
1439 2
1440 4
1441 4
1442 1
1443 4
1444 3
1445 2
1446 4
1447 8
1448 3
1449 0
1450 2
1451 4
1452 0
1453 1
1454 7
1455 4
1456 4
1457 1
1458 7
1459 4
1460 4
1461 2
1462 3
1463 2
1464 2
1465 3
1466 6
1467 2
1468 2
1469 4
1470 2
1471 3
1472 6
1473 2
1474 2
1475 2
1476 2
1477 1
1478 4
1479 6
1480 3
1481 5
1482 5
1483 6
1484 3
1485 2
1486 1
1487 6
1488 2
1489 3
1490 2
1491 3
1492 2
1493 2
1494 4
1495 3
1496 1
1497 0
1498 0
1499 3
1500 1
1501 6
1502 2
1503 5
1504 2
1505 1
1506 4
1507 1
1508 5
1509 2
1510 2
1511 1
1512 4
1513 1
1514 0
1515 5
1516 2
1517 3
1518 2
1519 2
1520 1
1521 4
1522 3
1523 1
1524 3
1525 6
1526 2
1527 0
1528 5
1529 4
1530 7
1531 4
1532 9
1533 3
1534 0
1535 2
1536 0
1537 6
1538 1
1539 1
1540 6
1541 1
1542 2
1543 4
1544 3
1545 2
1546 3
1547 2
1548 4
1549 3
1550 2
1551 4
1552 4
1553 0
1554 2
1555 0
1556 4
1557 3
1558 4
1559 1
1560 5
1561 4
1562 1
1563 0
1564 3
1565 4
1566 1
1567 6
1568 1
1569 2
1570 2
1571 3
1572 2
1573 1
1574 1
1575 3
1576 3
1577 2
1578 2
1579 7
1580 3
1581 2
1582 4
1583 3
1584 0
1585 1
1586 2
1587 8
1588 3
1589 1
1590 2
1591 0
1592 4
1593 4
1594 2
1595 2
1596 3
1597 5
1598 1
1599 2
1600 2
1601 4
1602 2
1603 2
1604 3
1605 5
1606 1
1607 0
1608 3
1609 4
1610 0
1611 5
1612 2
1613 4
1614 5
1615 8
1616 4
1617 4
1618 2
1619 0
1620 2
1621 4
1622 3
1623 2
1624 3
1625 6
1626 2
1627 1
1628 2
1629 5
1630 3
1631 4
1632 3
1633 1
1634 1
1635 1
1636 1
1637 3
1638 1
1639 6
1640 2
1641 4
1642 5
1643 3
1644 6
1645 3
1646 3
1647 3
1648 3
1649 5
1650 4
1651 3
1652 3
1653 4
1654 6
1655 3
1656 0
1657 2
1658 1
1659 2
1660 5
1661 1
1662 2
1663 7
1664 3
1665 2
1666 1
1667 6
1668 3
1669 0
1670 1
1671 7
1672 2
1673 4
1674 8
1675 2
1676 2
1677 2
1678 2
1679 4
1680 2
1681 2
1682 0
1683 1
1684 5
1685 5
1686 3
1687 3
1688 0
1689 1
1690 2
1691 0
1692 2
1693 3
1694 2
1695 3
1696 9
1697 1
1698 4
1699 0
1700 8
1701 2
1702 4
1703 6
1704 3
1705 0
1706 1
1707 0
1708 3
1709 3
1710 5
1711 1
1712 2
1713 5
1714 0
1715 5
1716 4
1717 6
1718 1
1719 3
1720 4
1721 5
1722 2
1723 5
1724 2
1725 1
1726 5
1727 3
1728 3
1729 5
1730 5
1731 1
1732 2
1733 8
1734 0
1735 2
1736 4
1737 1
1738 4
1739 4
1740 2
1741 8
1742 4
1743 3
1744 1
1745 3
1746 1
1747 5
1748 2
1749 2
1750 2
1751 4
1752 4
1753 5
1754 4
1755 4
1756 1
1757 0
1758 0
1759 2
1760 5
1761 1
1762 0
1763 3
1764 3
1765 4
1766 4
1767 3
1768 1
1769 6
1770 0
1771 3
1772 9
1773 2
1774 5
1775 1
1776 0
1777 3
1778 0
1779 1
1780 3
1781 7
1782 8
1783 5
1784 2
1785 2
1786 2
1787 2
1788 3
1789 5
1790 2
1791 1
1792 3
1793 1
1794 1
1795 2
1796 5
1797 3
1798 4
1799 2
1800 1
1801 3
1802 0
1803 2
1804 3
1805 4
1806 4
1807 2
1808 4
1809 2
1810 0
1811 2
1812 4
1813 6
1814 6
1815 3
1816 3
1817 3
1818 4
1819 5
1820 3
1821 4
1822 1
1823 1
1824 1
1825 2
1826 0
1827 3
1828 3
1829 8
1830 4
1831 4
1832 4
1833 4
1834 1
1835 3
1836 1
1837 0
1838 0
1839 0
1840 2
1841 4
1842 2
1843 5
1844 2
1845 1
1846 4
1847 1
1848 0
1849 5
1850 2
1851 2
1852 3
1853 2
1854 2
1855 4
1856 4
1857 0
1858 3
1859 3
1860 1
1861 1
1862 4
1863 1
1864 2
1865 4
1866 0
1867 1
1868 4
1869 3
1870 8
1871 3
1872 2
1873 6
1874 3
1875 1
1876 0
1877 5
1878 0
1879 3
1880 4
1881 4
1882 2
1883 3
1884 4
1885 5
1886 1
1887 5
1888 1
1889 2
1890 4
1891 3
1892 4
1893 0
1894 2
1895 2
1896 3
1897 2
1898 1
1899 4
1900 5
1901 2
1902 2
1903 5
1904 0
1905 1
1906 4
1907 5
1908 3
1909 1
1910 4
1911 2
1912 2
1913 1
1914 1
1915 3
1916 4
1917 4
1918 0
1919 2
1920 1
1921 3
1922 2
1923 3
1924 3
1925 3
1926 1
1927 6
1928 4
1929 0
1930 2
1931 0
1932 2
1933 3
1934 2
1935 4
1936 2
1937 2
1938 3
1939 1
1940 0
1941 2
1942 3
1943 3
1944 2
1945 3
1946 2
1947 3
1948 2
1949 5
1950 1
1951 4
1952 4
1953 3
1954 5
1955 4
1956 0
1957 3
1958 2
1959 3
1960 4
1961 2
1962 1
1963 0
1964 4
1965 6
1966 3
1967 5
1968 4
1969 4
1970 0
1971 0
1972 3
1973 3
1974 0
1975 3
1976 1
1977 6
1978 3
1979 6
1980 2
1981 6
1982 5
1983 3
1984 1
1985 3
1986 5
1987 1
1988 4
1989 0
1990 2
1991 3
1992 0
1993 3
1994 7
1995 5
1996 2
1997 0
1998 1
1999 3
2000 5
2001 0
2002 0
2003 0
2004 7
2005 5
2006 1
2007 2
2008 2
2009 1
2010 1
2011 3
2012 2
2013 3
2014 0
2015 2
2016 2
2017 0
2018 4
2019 1
2020 0
2021 2
2022 3
2023 1
2024 1
2025 2
2026 1
2027 2
2028 8
2029 3
2030 3
2031 2
2032 6
2033 3
2034 3
2035 7
2036 6
2037 2
2038 6
2039 1
2040 5
2041 3
2042 5
2043 4
2044 1
2045 2
2046 5
2047 2
2048 3
2049 2
2050 2
2051 0
2052 0
2053 1
2054 4
2055 1
2056 0
2057 4
2058 5
2059 6
2060 3
2061 1
2062 0
2063 1
2064 2
2065 0
2066 3
2067 2
2068 2
2069 0
2070 4
2071 3
2072 0
2073 5
2074 4
2075 0
2076 5
2077 7
2078 1
2079 3
2080 4
2081 3
2082 4
2083 2
2084 3
2085 1
2086 3
2087 3
2088 1
2089 1
2090 4
2091 2
2092 1
2093 2
2094 2
2095 2
2096 4
2097 0
2098 1
2099 4
2100 5
2101 4
2102 1
2103 2
2104 1
2105 0
2106 4
2107 2
2108 3
2109 2
2110 2
2111 1
2112 2
2113 6
2114 4
2115 2
2116 4
2117 6
2118 0
2119 5
2120 0
2121 2
2122 4
2123 2
2124 5
2125 2
2126 5
2127 0
2128 4
2129 1
2130 0
2131 4
2132 4
2133 2
2134 4
2135 1
2136 6
2137 1
2138 1
2139 4
2140 1
2141 7
2142 6
2143 3
2144 1
2145 3
2146 5
2147 4
2148 5
2149 3
2150 0
2151 2
2152 5
2153 5
2154 5
2155 1
2156 4
2157 1
2158 4
2159 2
2160 0
2161 2
2162 3
2163 2
2164 5
2165 0
2166 3
2167 1
2168 1
2169 6
2170 5
2171 2
2172 4
2173 2
2174 5
2175 0
2176 1
2177 6
2178 1
2179 5
2180 3
2181 5
2182 3
2183 3
2184 4
2185 2
2186 6
2187 4
2188 9
2189 2
2190 3
2191 3
2192 3
2193 2
2194 2
2195 7
2196 3
2197 4
2198 3
2199 3
2200 2
2201 4
2202 3
2203 5
2204 0
2205 3
2206 2
2207 0
2208 7
2209 4
2210 4
2211 5
2212 4
2213 6
2214 0
2215 3
2216 3
2217 3
2218 4
2219 0
2220 2
2221 0
2222 3
2223 0
2224 5
2225 2
2226 0
2227 4
2228 2
2229 4
2230 1
2231 2
2232 4
2233 8
2234 2
2235 0
2236 4
2237 3
2238 2
2239 6
2240 3
2241 5
2242 0
2243 3
2244 3
2245 3
2246 1
2247 4
2248 0
2249 0
2250 6
2251 3
2252 2
2253 4
2254 3
2255 1
2256 5
2257 1
2258 4
2259 3
2260 1
2261 5
2262 0
2263 3
2264 1
2265 1
2266 2
2267 3
2268 5
2269 0
2270 5
2271 1
2272 0
2273 1
2274 4
2275 2
2276 0
2277 2
2278 4
2279 5
2280 4
2281 4
2282 0
2283 6
2284 4
2285 2
2286 2
2287 0
2288 5
2289 2
2290 3
2291 6
2292 2
2293 0
2294 3
2295 1
2296 2
2297 3
2298 3
2299 4
2300 7
2301 4
2302 1
2303 2
2304 4
2305 5
2306 1
2307 0
2308 2
2309 4
2310 1
2311 6
2312 3
2313 2
2314 4
2315 3
2316 2
2317 0
2318 3
2319 3
2320 4
2321 3
2322 1
2323 1
2324 4
2325 5
2326 1
2327 0
2328 1
2329 2
2330 1
2331 4
2332 0
2333 1
2334 2
2335 4
2336 0
2337 2
2338 1
2339 1
2340 2
2341 3
2342 3
2343 4
2344 1
2345 5
2346 7
2347 3
2348 2
2349 2
2350 2
2351 3
2352 4
2353 3
2354 3
2355 5
2356 3
2357 2
2358 0
2359 3
2360 3
2361 0
2362 6
2363 4
2364 2
2365 0
2366 6
2367 4
2368 5
2369 2
2370 4
2371 3
2372 5
2373 0
2374 1
2375 9
2376 1
2377 3
2378 3
2379 3
2380 1
2381 1
2382 2
2383 4
2384 1
2385 0
2386 4
2387 3
2388 5
2389 0
2390 0
2391 5
2392 3
2393 2
2394 4
2395 1
2396 7
2397 2
2398 1
2399 4
2400 5
2401 2
2402 2
2403 2
2404 4
2405 2
2406 2
2407 6
2408 2
2409 3
2410 4
2411 2
2412 7
2413 6
2414 1
2415 4
2416 2
2417 3
2418 2
2419 4
2420 3
2421 2
2422 0
2423 3
2424 2
2425 1
2426 0
2427 2
2428 4
2429 5
2430 2
2431 5
2432 0
2433 6
2434 3
2435 3
2436 5
2437 2
2438 3
2439 0
2440 1
2441 4
2442 1
2443 0
2444 3
2445 4
2446 2
2447 1
2448 2
2449 2
2450 4
2451 3
2452 4
2453 5
2454 1
2455 3
2456 5
2457 2
2458 0
2459 3
2460 2
2461 1
2462 5
2463 5
2464 5
2465 5
2466 1
2467 4
2468 1
2469 2
2470 1
2471 3
2472 0
2473 1
2474 2
2475 0
2476 3
2477 3
2478 2
2479 1
2480 4
2481 3
2482 3
2483 0
2484 2
2485 6
2486 2
2487 5
2488 0
2489 3
2490 4
2491 0
2492 3
2493 1
2494 4
2495 2
2496 1
2497 3
2498 2
2499 2
2500 0
2501 0
2502 4
2503 3
2504 1
2505 4
2506 2
2507 4
2508 6
2509 0
2510 9
2511 3
2512 4
2513 0
2514 5
2515 8
2516 2
2517 3
2518 1
2519 5
2520 3
2521 8
2522 2
2523 0
2524 1
2525 4
2526 5
2527 2
2528 1
2529 1
2530 2
2531 2
2532 3
2533 0
2534 1
2535 8
2536 1
2537 2
2538 1
2539 4
2540 4
2541 1
2542 2
2543 1
2544 3
2545 4
2546 3
2547 2
2548 4
2549 3
2550 2
2551 2
2552 2
2553 3
2554 3
2555 0
2556 3
2557 1
2558 1
2559 5
2560 1
2561 2
2562 0
2563 2
2564 4
2565 2
2566 3
2567 0
2568 2
2569 2
2570 2
2571 2
2572 2
2573 1
2574 2
2575 0
2576 3
2577 1
2578 5
2579 5
2580 7
2581 0
2582 6
2583 1
2584 3
2585 2
2586 3
2587 0
2588 6
2589 0
2590 4
2591 3
2592 3
2593 2
2594 4
2595 4
2596 0
2597 3
2598 3
2599 4
2600 2
2601 4
2602 2
2603 6
2604 6
2605 3
2606 4
2607 4
2608 2
2609 6
2610 5
2611 6
2612 2
2613 3
2614 3
2615 2
2616 1
2617 2
2618 6
2619 4
2620 6
2621 2
2622 1
2623 1
2624 2
2625 4
2626 4
2627 3
2628 3
2629 1
2630 3
2631 3
2632 0
2633 3
2634 3
2635 2
2636 3
2637 5
2638 2
2639 0
2640 3
2641 6
2642 9
2643 4
2644 3
2645 3
2646 0
2647 3
2648 0
2649 0
2650 2
2651 1
2652 1
2653 4
2654 1
2655 1
2656 5
2657 5
2658 1
2659 1
2660 5
2661 3
2662 3
2663 2
2664 5
2665 4
2666 2
2667 3
2668 3
2669 2
2670 4
2671 3
2672 0
2673 1
2674 1
2675 5
2676 9
2677 2
2678 3
2679 3
2680 0
2681 2
2682 6
2683 2
2684 1
2685 4
2686 2
2687 1
2688 2
2689 0
2690 4
2691 4
2692 2
2693 5
2694 1
2695 2
2696 1
2697 1
2698 5
2699 2
2700 1
2701 4
2702 3
2703 0
2704 4
2705 1
2706 6
2707 2
2708 2
2709 2
2710 2
2711 2
2712 4
2713 2
2714 6
2715 1
2716 3
2717 2
2718 4
2719 2
2720 4
2721 1
2722 3
2723 2
2724 3
2725 3
2726 3
2727 3
2728 6
2729 3
2730 4
2731 1
2732 3
2733 2
2734 4
2735 5
2736 6
2737 4
2738 2
2739 2
2740 5
2741 5
2742 2
2743 3
2744 2
2745 6
2746 2
2747 3
2748 2
2749 3
2750 4
2751 10
2752 4
2753 2
2754 1
2755 2
2756 1
2757 3
2758 1
2759 0
2760 3
2761 3
2762 4
2763 4
2764 4
2765 3
2766 7
2767 0
2768 7
2769 2
2770 5
2771 4
2772 2
2773 2
2774 1
2775 1
2776 6
2777 0
2778 5
2779 5
2780 1
2781 1
2782 6
2783 4
2784 1
2785 3
2786 4
2787 3
2788 3
2789 4
2790 3
2791 0
2792 4
2793 1
2794 1
2795 0
2796 2
2797 2
2798 4
2799 3
2800 0
2801 4
2802 1
2803 6
2804 0
2805 2
2806 2
2807 3
2808 5
2809 0
2810 5
2811 4
2812 2
2813 6
2814 3
2815 1
2816 5
2817 2
2818 2
2819 1
2820 2
2821 6
2822 3
2823 3
2824 2
2825 4
2826 2
2827 3
2828 2
2829 3
2830 2
2831 2
2832 8
2833 3
2834 3
2835 4
2836 3
2837 0
2838 4
2839 2
2840 3
2841 3
2842 3
2843 0
2844 6
2845 1
2846 3
2847 2
2848 2
2849 2
2850 2
2851 1
2852 2
2853 6
2854 3
2855 2
2856 3
2857 0
2858 2
2859 6
2860 0
2861 1
2862 4
2863 1
2864 2
2865 2
2866 5
2867 2
2868 4
2869 5
2870 1
2871 0
2872 3
2873 0
2874 1
2875 0
2876 5
2877 3
2878 4
2879 2
2880 3
2881 1
2882 3
2883 4
2884 1
2885 3
2886 1
2887 4
2888 2
2889 0
2890 6
2891 3
2892 0
2893 5
2894 0
2895 4
2896 1
2897 1
2898 2
2899 2
2900 4
2901 4
2902 1
2903 3
2904 3
2905 2
2906 3
2907 1
2908 3
2909 2
2910 2
2911 5
2912 1
2913 6
2914 0
2915 4
2916 5
2917 6
2918 3
2919 5
2920 1
2921 7
2922 4
2923 1
2924 1
2925 0
2926 2
2927 1
2928 0
2929 4
2930 3
2931 1
2932 2
2933 4
2934 2
2935 1
2936 1
2937 3
2938 0
2939 4
2940 1
2941 6
2942 1
2943 1
2944 2
2945 4
2946 3
2947 4
2948 1
2949 6
2950 0
2951 3
2952 2
2953 0
2954 1
2955 6
2956 0
2957 4
2958 3
2959 4
2960 3
2961 5
2962 1
2963 3
2964 0
2965 2
2966 5
2967 3
2968 7
2969 7
2970 2
2971 3
2972 1
2973 2
2974 2
2975 2
2976 3
2977 0
2978 2
2979 1
2980 7
2981 0
2982 2
2983 4
2984 4
2985 2
2986 5
2987 4
2988 4
2989 2
2990 0
2991 2
2992 2
2993 1
2994 0
2995 3
2996 4
2997 1
2998 0
2999 2
3000 0
3001 3
3002 7
3003 3
3004 4
3005 1
3006 2
3007 2
3008 4
3009 5
3010 3
3011 2
3012 3
3013 3
3014 2
3015 2
3016 1
3017 2
3018 4
3019 1
3020 4
3021 6
3022 4
3023 3
3024 1
3025 1
3026 5
3027 3
3028 4
3029 4
3030 0
3031 3
3032 4
3033 4
3034 1
3035 1
3036 3
3037 0
3038 2
3039 3
3040 2
3041 2
3042 1
3043 3
3044 8
3045 3
3046 0
3047 4
3048 3
3049 6
3050 6
3051 3
3052 3
3053 4
3054 7
3055 3
3056 1
3057 9
3058 7
3059 2
3060 3
3061 3
3062 1
3063 6
3064 3
3065 1
3066 4
3067 2
3068 0
3069 4
3070 2
3071 2
3072 3
3073 0
3074 4
3075 4
3076 1
3077 4
3078 1
3079 0
3080 5
3081 5
3082 6
3083 6
3084 1
3085 2
3086 8
3087 3
3088 3
3089 1
3090 3
3091 3
3092 4
3093 6
3094 5
3095 8
3096 3
3097 3
3098 0
3099 2
3100 2
3101 0
3102 2
3103 4
3104 0
3105 0
3106 1
3107 3
3108 3
3109 5
3110 1
3111 1
3112 2
3113 5
3114 0
3115 7
3116 3
3117 0
3118 3
3119 5
3120 3
3121 5
3122 3
3123 2
3124 2
3125 0
3126 5
3127 7
3128 2
3129 0
3130 3
3131 0
3132 2
3133 4
3134 4
3135 5
3136 5
3137 2
3138 4
3139 3
3140 5
3141 2
3142 0
3143 4
3144 3
3145 0
3146 4
3147 3
3148 2
3149 4
3150 1
3151 0
3152 0
3153 3
3154 6
3155 1
3156 2
3157 2
3158 3
3159 1
3160 2
3161 2
3162 0
3163 3
3164 3
3165 6
3166 2
3167 4
3168 2
3169 6
3170 3
3171 0
3172 4
3173 1
3174 1
3175 2
3176 5
3177 4
3178 3
3179 1
3180 1
3181 3
3182 1
3183 2
3184 2
3185 2
3186 3
3187 2
3188 6
3189 3
3190 1
3191 1
3192 0
3193 3
3194 5
3195 3
3196 3
3197 0
3198 2
3199 4
3200 10
3201 4
3202 4
3203 0
3204 1
3205 0
3206 4
3207 2
3208 4
3209 5
3210 0
3211 2
3212 1
3213 1
3214 0
3215 2
3216 1
3217 3
3218 2
3219 4
3220 2
3221 4
3222 0
3223 5
3224 5
3225 2
3226 3
3227 6
3228 1
3229 0
3230 3
3231 6
3232 3
3233 2
3234 4
3235 1
3236 1
3237 3
3238 0
3239 3
3240 0
3241 4
3242 1
3243 3
3244 2
3245 3
3246 5
3247 2
3248 3
3249 3
3250 2
3251 4
3252 2
3253 4
3254 3
3255 2
3256 0
3257 4
3258 0
3259 0
3260 1
3261 6
3262 3
3263 4
3264 0
3265 5
3266 2
3267 5
3268 7
3269 2
3270 3
3271 2
3272 4
3273 0
3274 2
3275 1
3276 5
3277 6
3278 1
3279 1
3280 3
3281 2
3282 6
3283 2
3284 4
3285 1
3286 3
3287 3
3288 3
3289 5
3290 6
3291 0
3292 4
3293 8
3294 3
3295 5
3296 5
3297 2
3298 6
3299 3
3300 4
3301 5
3302 0
3303 7
3304 4
3305 2
3306 2
3307 0
3308 2
3309 1
3310 3
3311 0
3312 5
3313 2
3314 1
3315 2
3316 2
3317 0
3318 0
3319 0
3320 3
3321 4
3322 5
3323 3
3324 1
3325 1
3326 2
3327 1
3328 0
3329 0
3330 4
3331 5
3332 3
3333 4
3334 2
3335 2
3336 4
3337 4
3338 1
3339 3
3340 1
3341 2
3342 3
3343 2
3344 2
3345 3
3346 0
3347 0
3348 5
3349 0
3350 7
3351 4
3352 2
3353 3
3354 2
3355 0
3356 3
3357 4
3358 1
3359 0
3360 3
3361 0
3362 1
3363 1
3364 6
3365 3
3366 2
3367 2
3368 1
3369 3
3370 3
3371 3
3372 5
3373 0
3374 0
3375 3
3376 3
3377 3
3378 5
3379 4
3380 2
3381 5
3382 4
3383 2
3384 5
3385 1
3386 2
3387 4
3388 2
3389 2
3390 6
3391 3
3392 2
3393 2
3394 7
3395 0
3396 2
3397 3
3398 3
3399 1
3400 2
3401 2
3402 5
3403 8
3404 1
3405 4
3406 4
3407 2
3408 4
3409 1
3410 4
3411 5
3412 2
3413 4
3414 4
3415 3
3416 2
3417 4
3418 4
3419 5
3420 2
3421 4
3422 2
3423 3
3424 5
3425 5
3426 0
3427 4
3428 4
3429 0
3430 2
3431 4
3432 3
3433 1
3434 2
3435 0
3436 1
3437 6
3438 1
3439 0
3440 0
3441 0
3442 0
3443 3
3444 4
3445 1
3446 0
3447 2
3448 2
3449 2
3450 5
3451 1
3452 1
3453 0
3454 4
3455 4
3456 2
3457 2
3458 3
3459 1
3460 2
3461 5
3462 0
3463 3
3464 2
3465 3
3466 5
3467 3
3468 4
3469 5
3470 1
3471 1
3472 2
3473 0
3474 3
3475 3
3476 2
3477 5
3478 1
3479 6
3480 2
3481 0
3482 8
3483 3
3484 8
3485 5
3486 2
3487 3
3488 4
3489 0
3490 4
3491 5
3492 2
3493 4
3494 1
3495 2
3496 3
3497 2
3498 1
3499 1
3500 1
3501 2
3502 2
3503 1
3504 1
3505 3
3506 3
3507 2
3508 3
3509 5
3510 2
3511 4
3512 1
3513 7
3514 4
3515 9
3516 4
3517 1
3518 1
3519 1
3520 1
3521 4
3522 0
3523 3
3524 4
3525 3
3526 3
3527 3
3528 1
3529 2
3530 1
3531 1
3532 6
3533 1
3534 4
3535 5
3536 0
3537 5
3538 2
3539 2
3540 0
3541 5
3542 3
3543 4
3544 4
3545 4
3546 3
3547 2
3548 2
3549 3
3550 4
3551 1
3552 1
3553 2
3554 3
3555 5
3556 4
3557 6
3558 1
3559 4
3560 2
3561 6
3562 5
3563 8
3564 2
3565 2
3566 4
3567 4
3568 2
3569 3
3570 4
3571 3
3572 4
3573 1
3574 1
3575 4
3576 2
3577 4
3578 0
3579 3
3580 4
3581 2
3582 1
3583 6
3584 1
3585 5
3586 1
3587 3
3588 6
3589 2
3590 3
3591 2
3592 1
3593 3
3594 6
3595 4
3596 2
3597 4
3598 3
3599 1
3600 5
3601 1
3602 4
3603 5
3604 0
3605 0
3606 0
3607 3
3608 2
3609 7
3610 1
3611 3
3612 8
3613 2
3614 1
3615 6
3616 4
3617 1
3618 4
3619 3
3620 1
3621 6
3622 1
3623 2
3624 2
3625 0
3626 2
3627 4
3628 3
3629 5
3630 3
3631 3
3632 5
3633 1
3634 4
3635 2
3636 0
3637 0
3638 3
3639 3
3640 2
3641 1
3642 6
3643 3
3644 2
3645 7
3646 1
3647 4
3648 2
3649 5
3650 2
3651 4
3652 2
3653 4
3654 6
3655 2
3656 3
3657 3
3658 4
3659 3
3660 6
3661 0
3662 5
3663 2
3664 3
3665 2
3666 0
3667 4
3668 2
3669 3
3670 5
3671 4
3672 4
3673 3
3674 5
3675 1
3676 1
3677 5
3678 0
3679 2
3680 5
3681 3
3682 2
3683 2
3684 1
3685 3
3686 4
3687 5
3688 2
3689 2
3690 5
3691 2
3692 1
3693 3
3694 3
3695 0
3696 5
3697 4
3698 6
3699 2
3700 4
3701 5
3702 0
3703 3
3704 1
3705 3
3706 3
3707 2
3708 5
3709 2
3710 1
3711 0
3712 1
3713 1
3714 1
3715 2
3716 3
3717 4
3718 5
3719 2
3720 8
3721 5
3722 1
3723 1
3724 2
3725 2
3726 5
3727 4
3728 2
3729 3
3730 2
3731 6
3732 2
3733 6
3734 1
3735 2
3736 0
3737 3
3738 0
3739 2
3740 1
3741 3
3742 5
3743 3
3744 2
3745 3
3746 7
3747 6
3748 5
3749 3
3750 2
3751 1
3752 5
3753 5
3754 4
3755 1
3756 2
3757 6
3758 4
3759 4
3760 1
3761 5
3762 1
3763 0
3764 4
3765 3
3766 0
3767 0
3768 5
3769 5
3770 2
3771 2
3772 3
3773 1
3774 1
3775 0
3776 5
3777 4
3778 4
3779 0
3780 7
3781 2
3782 2
3783 4
3784 1
3785 3
3786 1
3787 4
3788 0
3789 0
3790 1
3791 0
3792 0
3793 1
3794 3
3795 4
3796 1
3797 2
3798 3
3799 3
3800 7
3801 7
3802 4
3803 1
3804 0
3805 0
3806 1
3807 2
3808 4
3809 4
3810 4
3811 0
3812 4
3813 5
3814 1
3815 4
3816 2
3817 2
3818 1
3819 2
3820 2
3821 2
3822 4
3823 4
3824 6
3825 5
3826 1
3827 1
3828 7
3829 3
3830 2
3831 6
3832 2
3833 1
3834 4
3835 3
3836 0
3837 3
3838 2
3839 1
3840 1
3841 0
3842 6
3843 4
3844 4
3845 2
3846 2
3847 3
3848 1
3849 2
3850 3
3851 4
3852 6
3853 0
3854 0
3855 1
3856 7
3857 1
3858 4
3859 2
3860 2
3861 3
3862 1
3863 7
3864 1
3865 3
3866 2
3867 3
3868 3
3869 4
3870 3
3871 2
3872 4
3873 0
3874 1
3875 3
3876 6
3877 3
3878 2
3879 4
3880 5
3881 6
3882 1
3883 4
3884 3
3885 3
3886 1
3887 5
3888 0
3889 2
3890 3
3891 4
3892 2
3893 7
3894 4
3895 0
3896 2
3897 5
3898 1
3899 2
3900 1
3901 2
3902 4
3903 0
3904 3
3905 6
3906 1
3907 2
3908 5
3909 2
3910 2
3911 6
3912 1
3913 1
3914 4
3915 0
3916 4
3917 2
3918 5
3919 6
3920 6
3921 4
3922 5
3923 3
3924 0
3925 3
3926 2
3927 2
3928 3
3929 0
3930 8
3931 3
3932 1
3933 3
3934 3
3935 1
3936 3
3937 1
3938 0
3939 1
3940 0
3941 4
3942 4
3943 0
3944 2
3945 4
3946 4
3947 3
3948 2
3949 2
3950 3
3951 2
3952 5
3953 1
3954 1
3955 2
3956 1
3957 3
3958 2
3959 2
3960 1
3961 2
3962 1
3963 2
3964 3
3965 2
3966 4
3967 2
3968 0
3969 1
3970 3
3971 2
3972 1
3973 2
3974 1
3975 2
3976 1
3977 5
3978 2
3979 5
3980 2
3981 4
3982 5
3983 5
3984 3
3985 1
3986 5
3987 0
3988 0
3989 6
3990 2
3991 3
3992 3
3993 2
3994 3
3995 0
3996 1
3997 1
3998 3
3999 0
4000 4
4001 1
4002 1
4003 1
4004 0
4005 5
4006 1
4007 3
4008 8
4009 4
4010 3
4011 3
4012 1
4013 1
4014 4
4015 5
4016 5
4017 3
4018 5
4019 0
4020 1
4021 2
4022 2
4023 3
4024 4
4025 0
4026 2
4027 1
4028 1
4029 8
4030 4
4031 2
4032 3
4033 4
4034 0
4035 4
4036 3
4037 1
4038 1
4039 3
4040 2
4041 1
4042 9
4043 1
4044 4
4045 2
4046 7
4047 0
4048 5
4049 3
4050 5
4051 1
4052 0
4053 5
4054 5
4055 5
4056 3
4057 4
4058 5
4059 4
4060 0
4061 5
4062 5
4063 1
4064 8
4065 4
4066 2
4067 2
4068 4
4069 2
4070 0
4071 2
4072 5
4073 1
4074 3
4075 4
4076 3
4077 1
4078 3
4079 3
4080 3
4081 4
4082 6
4083 4
4084 2
4085 1
4086 5
4087 6
4088 5
4089 3
4090 4
4091 3
4092 2
4093 0
4094 3
4095 5
4096 5
4097 2
4098 2
4099 0
4100 5
4101 0
4102 2
4103 1
4104 2
4105 1
4106 4
4107 2
4108 8
4109 4
4110 6
4111 5
4112 5
4113 6
4114 0
4115 2
4116 2
4117 1
4118 1
4119 4
4120 5
4121 2
4122 1
4123 5
4124 2
4125 3
4126 2
4127 2
4128 4
4129 0
4130 1
4131 5
4132 1
4133 3
4134 3
4135 3
4136 0
4137 5
4138 2
4139 2
4140 4
4141 1
4142 3
4143 5
4144 1
4145 2
4146 0
4147 1
4148 3
4149 4
4150 3
4151 1
4152 0
4153 3
4154 4
4155 1
4156 5
4157 4
4158 2
4159 0
4160 3
4161 0
4162 2
4163 2
4164 7
4165 6
4166 4
4167 4
4168 5
4169 3
4170 7
4171 2
4172 2
4173 2
4174 0
4175 2
4176 4
4177 6
4178 4
4179 1
4180 1
4181 0
4182 3
4183 3
4184 6
4185 2
4186 1
4187 3
4188 1
4189 6
4190 3
4191 6
4192 2
4193 0
4194 5
4195 4
4196 1
4197 1
4198 1
4199 6
4200 4
4201 2
4202 4
4203 4
4204 1
4205 3
4206 3
4207 1
4208 3
4209 0
4210 3
4211 3
4212 6
4213 1
4214 7
4215 1
4216 3
4217 1
4218 0
4219 2
4220 3
4221 3
4222 1
4223 0
4224 3
4225 6
4226 4
4227 4
4228 5
4229 1
4230 4
4231 2
4232 6
4233 1
4234 3
4235 1
4236 3
4237 0
4238 5
4239 2
4240 2
4241 3
4242 2
4243 3
4244 5
4245 2
4246 4
4247 2
4248 3
4249 2
4250 0
4251 3
4252 4
4253 5
4254 3
4255 3
4256 2
4257 0
4258 2
4259 2
4260 3
4261 2
4262 2
4263 1
4264 0
4265 4
4266 2
4267 1
4268 5
4269 5
4270 1
4271 3
4272 4
4273 4
4274 2
4275 4
4276 2
4277 2
4278 4
4279 2
4280 2
4281 3
4282 1
4283 3
4284 1
4285 3
4286 3
4287 2
4288 1
4289 4
4290 1
4291 7
4292 4
4293 2
4294 3
4295 3
4296 3
4297 2
4298 2
4299 5
4300 7
4301 2
4302 6
4303 1
4304 8
4305 0
4306 1
4307 1
4308 5
4309 4
4310 4
4311 6
4312 1
4313 0
4314 0
4315 5
4316 1
4317 4
4318 1
4319 1
4320 2
4321 4
4322 0
4323 0
4324 6
4325 0
4326 3
4327 3
4328 3
4329 5
4330 4
4331 5
4332 4
4333 1
4334 5
4335 1
4336 2
4337 2
4338 2
4339 2
4340 1
4341 6
4342 5
4343 4
4344 1
4345 6
4346 3
4347 2
4348 0
4349 3
4350 1
4351 2
4352 4
4353 2
4354 6
4355 1
4356 4
4357 1
4358 6
4359 4
4360 3
4361 4
4362 2
4363 3
4364 1
4365 4
4366 3
4367 1
4368 0
4369 2
4370 3
4371 0
4372 3
4373 5
4374 3
4375 3
4376 2
4377 6
4378 8
4379 4
4380 2
4381 5
4382 1
4383 3
4384 4
4385 2
4386 3
4387 2
4388 1
4389 6
4390 4
4391 1
4392 7
4393 1
4394 2
4395 5
4396 6
4397 1
4398 0
4399 3
4400 5
4401 5
4402 3
4403 4
4404 2
4405 2
4406 2
4407 0
4408 6
4409 5
4410 0
4411 5
4412 7
4413 5
4414 1
4415 3
4416 2
4417 4
4418 0
4419 3
4420 1
4421 5
4422 0
4423 5
4424 4
4425 6
4426 2
4427 3
4428 2
4429 0
4430 2
4431 3
4432 4
4433 4
4434 4
4435 1
4436 3
4437 3
4438 2
4439 0
4440 1
4441 3
4442 5
4443 2
4444 2
4445 2
4446 5
4447 1
4448 6
4449 2
4450 3
4451 3
4452 2
4453 3
4454 6
4455 3
4456 1
4457 1
4458 3
4459 4
4460 5
4461 5
4462 0
4463 4
4464 0
4465 1
4466 3
4467 3
4468 5
4469 1
4470 3
4471 5
4472 2
4473 6
4474 2
4475 5
4476 4
4477 1
4478 3
4479 2
4480 4
4481 3
4482 4
4483 6
4484 3
4485 4
4486 5
4487 7
4488 2
4489 4
4490 1
4491 1
4492 4
4493 5
4494 0
4495 2
4496 4
4497 2
4498 0
4499 0
4500 2
4501 2
4502 3
4503 3
4504 3
4505 3
4506 4
4507 4
4508 2
4509 3
4510 2
4511 4
4512 1
4513 4
4514 3
4515 4
4516 3
4517 4
4518 3
4519 4
4520 2
4521 6
4522 1
4523 1
4524 3
4525 5
4526 3
4527 3
4528 1
4529 3
4530 0
4531 7
4532 1
4533 5
4534 0
4535 3
4536 7
4537 4
4538 7
4539 1
4540 7
4541 1
4542 3
4543 5
4544 4
4545 4
4546 0
4547 3
4548 8
4549 1
4550 4
4551 3
4552 4
4553 2
4554 1
4555 5
4556 2
4557 0
4558 1
4559 3
4560 1
4561 0
4562 1
4563 3
4564 2
4565 2
4566 4
4567 0
4568 7
4569 1
4570 1
4571 3
4572 1
4573 4
4574 0
4575 2
4576 2
4577 3
4578 5
4579 0
4580 1
4581 3
4582 4
4583 0
4584 3
4585 3
4586 4
4587 8
4588 2
4589 3
4590 1
4591 2
4592 2
4593 0
4594 3
4595 4
4596 2
4597 6
4598 2
4599 6
4600 2
4601 1
4602 4
4603 2
4604 2
4605 5
4606 3
4607 3
4608 1
4609 0
4610 4
4611 4
4612 2
4613 2
4614 7
4615 3
4616 2
4617 1
4618 1
4619 3
4620 1
4621 3
4622 6
4623 1
4624 1
4625 2
4626 2
4627 5
4628 0
4629 1
4630 2
4631 2
4632 3
4633 4
4634 4
4635 3
4636 3
4637 1
4638 5
4639 1
4640 2
4641 1
4642 4
4643 1
4644 9
4645 3
4646 1
4647 2
4648 7
4649 2
4650 2
4651 3
4652 4
4653 1
4654 3
4655 5
4656 0
4657 3
4658 8
4659 2
4660 4
4661 2
4662 3
4663 2
4664 2
4665 4
4666 1
4667 2
4668 6
4669 2
4670 5
4671 3
4672 3
4673 5
4674 1
4675 2
4676 5
4677 3
4678 4
4679 2
4680 0
4681 4
4682 0
4683 1
4684 3
4685 3
4686 4
4687 2
4688 3
4689 1
4690 4
4691 4
4692 3
4693 6
4694 3
4695 5
4696 3
4697 0
4698 4
4699 3
4700 7
4701 4
4702 0
4703 0
4704 1
4705 2
4706 4
4707 2
4708 2
4709 5
4710 2
4711 1
4712 3
4713 0
4714 7
4715 2
4716 3
4717 1
4718 2
4719 4
4720 3
4721 2
4722 4
4723 2
4724 2
4725 5
4726 4
4727 4
4728 4
4729 5
4730 2
4731 2
4732 7
4733 1
4734 3
4735 4
4736 3
4737 2
4738 3
4739 1
4740 1
4741 3
4742 1
4743 5
4744 1
4745 4
4746 3
4747 2
4748 2
4749 2
4750 4
4751 2
4752 1
4753 3
4754 6
4755 6
4756 4
4757 3
4758 2
4759 1
4760 1
4761 1
4762 1
4763 0
4764 4
4765 5
4766 1
4767 3
4768 0
4769 3
4770 4
4771 5
4772 4
4773 4
4774 1
4775 3
4776 6
4777 3
4778 3
4779 2
4780 2
4781 0
4782 3
4783 1
4784 7
4785 1
4786 1
4787 7
4788 2
4789 2
4790 5
4791 4
4792 5
4793 0
4794 2
4795 4
4796 3
4797 3
4798 2
4799 2
4800 3
4801 3
4802 5
4803 3
4804 1
4805 2
4806 1
4807 5
4808 6
4809 6
4810 3
4811 1
4812 3
4813 1
4814 4
4815 2
4816 1
4817 2
4818 6
4819 5
4820 4
4821 6
4822 4
4823 2
4824 4
4825 4
4826 2
4827 4
4828 3
4829 5
4830 7
4831 0
4832 1
4833 5
4834 5
4835 0
4836 2
4837 3
4838 5
4839 1
4840 6
4841 2
4842 2
4843 3
4844 1
4845 2
4846 6
4847 4
4848 5
4849 2
4850 3
4851 5
4852 5
4853 0
4854 1
4855 2
4856 3
4857 1
4858 3
4859 2
4860 0
4861 4
4862 2
4863 4
4864 1
4865 2
4866 11
4867 4
4868 2
4869 2
4870 1
4871 3
4872 2
4873 0
4874 5
4875 2
4876 5
4877 2
4878 2
4879 1
4880 3
4881 1
4882 2
4883 6
4884 3
4885 4
4886 4
4887 5
4888 2
4889 2
4890 4
4891 0
4892 3
4893 1
4894 5
4895 3
4896 2
4897 8
4898 3
4899 2
4900 2
4901 1
4902 2
4903 0
4904 2
4905 2
4906 2
4907 1
4908 3
4909 2
4910 1
4911 4
4912 6
4913 2
4914 1
4915 4
4916 5
4917 0
4918 2
4919 3
4920 4
4921 1
4922 5
4923 3
4924 1
4925 3
4926 3
4927 4
4928 3
4929 4
4930 1
4931 5
4932 5
4933 4
4934 8
4935 1
4936 1
4937 6
4938 0
4939 5
4940 2
4941 0
4942 7
4943 3
4944 0
4945 2
4946 7
4947 1
4948 0
4949 2
4950 0
4951 2
4952 5
4953 2
4954 0
4955 4
4956 1
4957 2
4958 3
4959 0
4960 4
4961 5
4962 6
4963 5
4964 2
4965 4
4966 3
4967 2
4968 5
4969 3
4970 5
4971 2
4972 2
4973 2
4974 4
4975 2
4976 0
4977 1
4978 4
4979 0
4980 2
4981 4
4982 2
4983 2
4984 5
4985 1
4986 1
4987 1
4988 3
4989 1
4990 3
4991 8
4992 5
4993 0
4994 4
4995 4
4996 7
4997 0
4998 3
4999 5
