0 3
1 1
2 2
3 1
4 3
5 2
6 1
7 0
8 0
9 2
10 1
11 0
12 1
13 1
14 2
15 1
16 0
17 6
18 2
19 4
20 0
21 2
22 5
23 1
24 0
25 3
26 0
27 0
28 2
29 3
30 3
31 2
32 1
33 5
34 0
35 2
36 0
37 0
38 3
39 5
40 3
41 3
42 0
43 5
44 5
45 0
46 3
47 0
48 1
49 2
50 0
51 2
52 1
53 0
54 0
55 2
56 0
57 4
58 1
59 0
60 0
61 1
62 2
63 0
64 0
65 0
66 0
67 0
68 1
69 1
70 6
71 5
72 0
73 1
74 1
75 6
76 1
77 4
78 3
79 2
80 2
81 5
82 3
83 0
84 2
85 1
86 6
87 5
88 0
89 4
90 3
91 0
92 7
93 0
94 2
95 1
96 0
97 3
98 0
99 2
100 0
101 0
102 2
103 2
104 2
105 2
106 0
107 2
108 3
109 3
110 3
111 3
112 1
113 1
114 1
115 3
116 0
117 0
118 3
119 5
120 1
121 1
122 0
123 0
124 0
125 3
126 0
127 3
128 6
129 4
130 1
131 5
132 2
133 2
134 7
135 3
136 2
137 4
138 5
139 6
140 4
141 4
142 5
143 2
144 2
145 3
146 1
147 4
148 2
149 3
150 1
151 3
152 2
153 4
154 2
155 2
156 4
157 4
158 3
159 6
160 2
161 4
162 2
163 5
164 1
165 5
166 6
167 4
168 2
169 4
170 0
171 0
172 4
173 0
174 3
175 3
176 0
177 5
178 0
179 1
180 3
181 0
182 2
183 3
184 3
185 0
186 0
187 3
188 0
189 2
190 3
191 3
192 0
193 0
194 0
195 3
196 0
197 1
198 2
199 7
200 1
201 0
202 2
203 0
204 2
205 3
206 3
207 4
208 0
209 2
210 0
211 1
212 0
213 2
214 0
215 6
216 0
217 0
218 0
219 3
220 0
221 0
222 1
223 1
224 0
225 2
226 1
227 1
228 0
229 2
230 1
231 4
232 1
233 2
234 0
235 3
236 0
237 1
238 2
239 2
240 0
241 4
242 2
243 1
244 1
245 1
246 2
247 3
248 1
249 1
250 0
251 0
252 1
253 0
254 1
255 3
256 4
257 3
258 5
259 7
260 11
261 3
262 5
263 9
264 3
265 10
266 4
267 9
268 7
269 9
270 3
271 4
272 4
273 2
274 2
275 0
276 0
277 1
278 0
279 6
280 2
281 3
282 2
283 0
284 3
285 0
286 5
287 5
288 0
289 1
290 2
291 4
292 2
293 6
294 2
295 1
296 1
297 4
298 2
299 4
300 3
301 0
302 2
303 1
304 7
305 3
306 2
307 2
308 4
309 2
310 4
311 6
312 2
313 4
314 2
315 1
316 0
317 3
318 2
319 2
320 0
321 0
322 2
323 2
324 2
325 3
326 0
327 0
328 0
329 2
330 2
331 1
332 3
333 2
334 0
335 1
336 3
337 0
338 0
339 2
340 0
341 0
342 3
343 5
344 1
345 2
346 0
347 2
348 0
349 5
350 5
351 1
352 0
353 0
354 0
355 0
356 0
357 0
358 3
359 2
360 2
361 2
362 1
363 0
364 0
365 0
366 0
367 1
368 3
369 1
370 2
371 2
372 2
373 0
374 3
375 1
376 0
377 3
378 2
379 1
380 0
381 4
382 0
383 1
384 0
385 1
386 2
387 1
388 4
389 4
390 1
391 3
392 0
393 0
394 0
395 0
396 0
397 0
398 1
399 2
400 3
401 0
402 0
403 1
404 0
405 0
406 1
407 5
408 0
409 0
410 2
411 2
412 4
413 0
414 0
415 1
416 0
417 3
418 1
419 1
420 3
421 0
422 1
423 1
424 1
425 2
426 0
427 2
428 2
429 5
430 3
431 2
432 1
433 1
434 0
435 2
436 1
437 1
438 1
439 6
440 1
441 2
442 0
443 0
444 0
445 1
446 4
447 1
448 2
449 3
450 3
451 0
452 2
453 4
454 4
455 0
456 0
457 0
458 1
459 4
460 1
461 2
462 3
463 2
464 3
465 2
466 0
467 0
468 2
469 2
470 3
471 1
472 2
473 1
474 0
475 1
476 3
477 2
478 0
479 0
480 3
481 0
482 0
483 1
484 0
485 3
486 0
487 5
488 0
489 2
490 1
491 1
492 4
493 3
494 1
495 1
496 2
497 1
498 0
499 1
500 1
501 3
502 1
503 3
504 4
505 0
506 0
507 0
508 0
509 1
510 3
511 3
512 7
513 6
514 12
515 8
516 8
517 8
518 10
519 7
520 5
521 7
522 10
523 9
524 13
525 10
526 12
527 5
528 7
529 3
530 6
531 4
532 4
533 5
534 9
535 5
536 6
537 6
538 5
539 4
540 8
541 7
542 5
543 7
544 7
545 7
546 8
547 8
548 10
549 5
550 8
551 7
552 3
553 6
554 7
555 5
556 8
557 9
558 5
559 3
560 9
561 5
562 3
563 9
564 8
565 5
566 7
567 8
568 7
569 5
570 5
571 8
572 7
573 13
574 12
575 9
576 2
577 1
578 1
579 1
580 5
581 2
582 5
583 7
584 4
585 2
586 2
587 2
588 0
589 3
590 1
591 4
592 0
593 3
594 0
595 6
596 1
597 0
598 5
599 7
600 4
601 1
602 0
603 4
604 0
605 3
606 0
607 3
608 0
609 3
610 4
611 0
612 5
613 1
614 0
615 8
616 3
617 4
618 2
619 2
620 4
621 2
622 2
623 7
624 0
625 3
626 3
627 3
628 1
629 6
630 4
631 3
632 1
633 6
634 5
635 2
636 2
637 4
638 6
639 5
640 5
641 3
642 2
643 1
644 0
645 2
646 2
647 7
648 2
649 2
650 2
651 1
652 3
653 0
654 4
655 11
656 3
657 0
658 2
659 0
660 0
661 5
662 6
663 2
664 2
665 6
666 4
667 1
668 6
669 4
670 1
671 0
672 3
673 2
674 1
675 3
676 5
677 4
678 0
679 2
680 6
681 3
682 2
683 1
684 2
685 1
686 2
687 0
688 1
689 4
690 0
691 2
692 1
693 2
694 5
695 1
696 1
697 1
698 1
699 2
700 2
701 4
702 1
703 1
704 1
705 10
706 7
707 2
708 2
709 3
710 7
711 4
712 1
713 4
714 2
715 1
716 3
717 8
718 4
719 3
720 2
721 1
722 4
723 2
724 7
725 2
726 2
727 6
728 1
729 2
730 1
731 4
732 4
733 2
734 5
735 5
736 0
737 2
738 5
739 1
740 5
741 3
742 7
743 4
744 0
745 1
746 4
747 2
748 2
749 5
750 5
751 5
752 2
753 3
754 2
755 1
756 6
757 9
758 4
759 10
760 2
761 5
762 3
763 4
764 3
765 8
766 5
767 4
768 1
769 2
770 3
771 0
772 2
773 2
774 2
775 4
776 3
777 3
778 0
779 4
780 2
781 3
782 1
783 0
784 0
785 4
786 1
787 3
788 2
789 3
790 6
791 1
792 4
793 2
794 0
795 3
796 5
797 0
798 3
799 8
800 4
801 1
802 2
803 1
804 2
805 3
806 5
807 1
808 5
809 4
810 0
811 3
812 2
813 3
814 1
815 3
816 1
817 3
818 0
819 1
820 2
821 2
822 2
823 2
824 4
825 1
826 1
827 2
828 2
829 2
830 2
831 4
832 2
833 5
834 5
835 4
836 2
837 5
838 7
839 5
840 0
841 0
842 3
843 5
844 1
845 4
846 0
847 6
848 1
849 2
850 5
851 0
852 3
853 2
854 3
855 6
856 0
857 4
858 3
859 5
860 3
861 1
862 9
863 2
864 2
865 2
866 5
867 2
868 0
869 0
870 5
871 3
872 1
873 2
874 0
875 3
876 2
877 6
878 2
879 4
880 5
881 3
882 6
883 2
884 3
885 6
886 6
887 3
888 1
889 2
890 0
891 5
892 3
893 0
894 4
895 2
896 4
897 4
898 6
899 5
900 5
901 3
902 6
903 7
904 0
905 4
906 6
907 2
908 7
909 6
910 3
911 0
912 0
913 5
914 0
915 0
916 2
917 4
918 5
919 3
920 5
921 4
922 1
923 3
924 2
925 2
926 4
927 0
928 3
929 2
930 3
931 4
932 3
933 0
934 4
935 8
936 2
937 3
938 0
939 7
940 1
941 2
942 5
943 2
944 0
945 3
946 4
947 0
948 3
949 1
950 3
951 3
952 2
953 2
954 2
955 0
956 2
957 2
958 5
959 3
960 3
961 2
962 0
963 3
964 3
965 4
966 5
967 5
968 1
969 1
970 3
971 1
972 2
973 2
974 2
975 10
976 0
977 3
978 2
979 4
980 2
981 3
982 4
983 5
984 5
985 5
986 3
987 1
988 5
989 4
990 4
991 4
992 0
993 5
994 0
995 2
996 6
997 2
998 7
999 5
1000 2
1001 6
1002 1
1003 3
1004 2
1005 1
1006 4
1007 5
1008 3
1009 1
1010 2
1011 1
1012 2
1013 2
1014 3
1015 8
1016 5
1017 5
1018 1
1019 2
1020 3
1021 4
1022 3
1023 2
1024 10
1025 2
1026 5
1027 6
1028 3
1029 2
1030 9
1031 5
1032 7
1033 2
1034 2
1035 6
1036 9
1037 8
1038 6
1039 8
1040 4
1041 6
1042 4
1043 2
1044 4
1045 4
1046 3
1047 2
1048 3
1049 9
1050 4
1051 0
1052 4
1053 7
1054 7
1055 4
1056 6
1057 10
1058 7
1059 4
1060 4
1061 5
1062 6
1063 2
1064 2
1065 8
1066 8
1067 3
1068 8
1069 10
1070 3
1071 6
1072 4
1073 3
1074 3
1075 3
1076 7
1077 6
1078 8
1079 11
1080 3
1081 9
1082 1
1083 4
1084 7
1085 10
1086 10
1087 4
1088 3
1089 6
1090 5
1091 7
1092 6
1093 11
1094 6
1095 6
1096 3
1097 7
1098 4
1099 3
1100 4
1101 6
1102 12
1103 5
1104 4
1105 5
1106 3
1107 4
1108 2
1109 5
1110 3
1111 4
1112 3
1113 4
1114 8
1115 8
1116 4
1117 6
1118 3
1119 7
1120 1
1121 4
1122 4
1123 9
1124 4
1125 7
1126 5
1127 7
1128 2
1129 0
1130 12
1131 9
1132 7
1133 4
1134 3
1135 10
1136 3
1137 6
1138 2
1139 2
1140 8
1141 8
1142 7
1143 9
1144 1
1145 4
1146 1
1147 4
1148 2
1149 7
1150 1
1151 4
1152 4
1153 2
1154 4
1155 0
1156 5
1157 2
1158 1
1159 6
1160 3
1161 6
1162 2
1163 4
1164 4
1165 5
1166 6
1167 4
1168 3
1169 4
1170 4
1171 5
1172 0
1173 3
1174 7
1175 11
1176 4
1177 6
1178 5
1179 3
1180 8
1181 3
1182 0
1183 4
1184 4
1185 4
1186 0
1187 2
1188 1
1189 6
1190 3
1191 8
1192 3
1193 11
1194 8
1195 2
1196 3
1197 3
1198 4
1199 8
1200 2
1201 4
1202 2
1203 4
1204 6
1205 0
1206 4
1207 2
1208 1
1209 2
1210 2
1211 0
1212 6
1213 5
1214 3
1215 4
1216 1
1217 5
1218 5
1219 1
1220 3
1221 0
1222 3
1223 0
1224 2
1225 5
1226 0
1227 4
1228 4
1229 3
1230 3
1231 2
1232 1
1233 1
1234 3
1235 1
1236 1
1237 2
1238 3
1239 3
1240 0
1241 4
1242 1
1243 0
1244 1
1245 0
1246 1
1247 1
1248 0
1249 2
1250 1
1251 2
1252 3
1253 3
1254 6
1255 3
1256 6
1257 6
1258 1
1259 4
1260 4
1261 1
1262 10
1263 2
1264 1
1265 0
1266 4
1267 2
1268 3
1269 4
1270 3
1271 7
1272 3
1273 3
1274 8
1275 5
1276 4
1277 3
1278 6
1279 7
1280 0
1281 2
1282 0
1283 2
1284 0
1285 1
1286 5
1287 4
1288 4
1289 1
1290 0
1291 2
1292 0
1293 0
1294 2
1295 2
1296 0
1297 0
1298 0
1299 3
1300 0
1301 1
1302 1
1303 0
1304 0
1305 1
1306 2
1307 5
1308 0
1309 3
1310 3
1311 1
1312 0
1313 0
1314 1
1315 1
1316 4
1317 0
1318 0
1319 1
1320 0
1321 2
1322 1
1323 2
1324 0
1325 1
1326 2
1327 5
1328 0
1329 1
1330 1
1331 0
1332 1
1333 0
1334 3
1335 2
1336 2
1337 5
1338 2
1339 2
1340 1
1341 0
1342 3
1343 5
1344 0
1345 6
1346 0
1347 1
1348 0
1349 0
1350 0
1351 7
1352 1
1353 0
1354 0
1355 2
1356 2
1357 1
1358 3
1359 2
1360 2
1361 0
1362 0
1363 3
1364 0
1365 0
1366 5
1367 5
1368 1
1369 4
1370 1
1371 1
1372 1
1373 0
1374 3
1375 7
1376 0
1377 3
1378 0
1379 0
1380 1
1381 2
1382 4
1383 2
1384 1
1385 5
1386 0
1387 2
1388 2
1389 2
1390 1
1391 7
1392 0
1393 4
1394 0
1395 0
1396 0
1397 2
1398 2
1399 4
1400 2
1401 3
1402 0
1403 0
1404 3
1405 2
1406 1
1407 3
1408 3
1409 5
1410 5
1411 6
1412 7
1413 6
1414 4
1415 8
1416 7
1417 5
1418 6
1419 4
1420 6
1421 5
1422 7
1423 3
1424 1
1425 5
1426 8
1427 4
1428 8
1429 2
1430 6
1431 8
1432 3
1433 4
1434 6
1435 5
1436 5
1437 5
1438 4
1439 8
1440 1
1441 5
1442 1
1443 6
1444 7
1445 3
1446 11
1447 8
1448 1
1449 5
1450 5
1451 3
1452 8
1453 6
1454 8
1455 6
1456 4
1457 6
1458 4
1459 7
1460 4
1461 4
1462 5
1463 8
1464 6
1465 10
1466 5
1467 8
1468 4
1469 1
1470 10
1471 5
1472 2
1473 3
1474 4
1475 4
1476 4
1477 7
1478 10
1479 4
1480 1
1481 7
1482 1
1483 4
1484 3
1485 3
1486 6
1487 11
1488 1
1489 4
1490 2
1491 4
1492 7
1493 3
1494 4
1495 7
1496 5
1497 8
1498 7
1499 4
1500 3
1501 4
1502 4
1503 4
1504 4
1505 7
1506 2
1507 1
1508 2
1509 6
1510 4
1511 6
1512 3
1513 4
1514 5
1515 3
1516 3
1517 2
1518 3
1519 6
1520 5
1521 0
1522 4
1523 2
1524 4
1525 4
1526 7
1527 5
1528 1
1529 2
1530 5
1531 5
1532 3
1533 5
1534 6
1535 7
1536 2
1537 1
1538 0
1539 2
1540 4
1541 3
1542 5
1543 0
1544 1
1545 0
1546 0
1547 3
1548 1
1549 0
1550 2
1551 0
1552 2
1553 2
1554 1
1555 0
1556 0
1557 1
1558 3
1559 3
1560 0
1561 4
1562 1
1563 0
1564 0
1565 0
1566 2
1567 0
1568 0
1569 2
1570 0
1571 0
1572 2
1573 0
1574 2
1575 6
1576 0
1577 4
1578 1
1579 2
1580 0
1581 3
1582 4
1583 0
1584 0
1585 2
1586 1
1587 2
1588 4
1589 3
1590 0
1591 7
1592 0
1593 3
1594 2
1595 3
1596 2
1597 1
1598 3
1599 3
1600 1
1601 1
1602 0
1603 1
1604 0
1605 3
1606 5
1607 7
1608 0
1609 0
1610 1
1611 1
1612 5
1613 4
1614 1
1615 4
1616 2
1617 4
1618 0
1619 0
1620 6
1621 1
1622 1
1623 5
1624 0
1625 2
1626 0
1627 1
1628 3
1629 0
1630 4
1631 1
1632 2
1633 1
1634 0
1635 0
1636 0
1637 0
1638 6
1639 6
1640 0
1641 1
1642 1
1643 1
1644 0
1645 0
1646 6
1647 1
1648 0
1649 2
1650 0
1651 1
1652 4
1653 1
1654 4
1655 4
1656 1
1657 2
1658 1
1659 0
1660 2
1661 1
1662 0
1663 5
1664 0
1665 5
1666 1
1667 1
1668 5
1669 1
1670 7
1671 9
1672 1
1673 7
1674 4
1675 3
1676 1
1677 2
1678 5
1679 3
1680 2
1681 3
1682 0
1683 2
1684 4
1685 3
1686 5
1687 5
1688 3
1689 0
1690 4
1691 1
1692 2
1693 4
1694 4
1695 4
1696 2
1697 5
1698 3
1699 3
1700 3
1701 3
1702 3
1703 9
1704 1
1705 1
1706 2
1707 5
1708 0
1709 2
1710 3
1711 5
1712 0
1713 6
1714 2
1715 0
1716 3
1717 3
1718 4
1719 3
1720 2
1721 4
1722 6
1723 1
1724 3
1725 4
1726 1
1727 4
1728 0
1729 8
1730 1
1731 5
1732 0
1733 6
1734 5
1735 8
1736 5
1737 3
1738 0
1739 1
1740 2
1741 4
1742 2
1743 4
1744 5
1745 0
1746 4
1747 1
1748 8
1749 6
1750 4
1751 5
1752 8
1753 7
1754 0
1755 4
1756 1
1757 3
1758 2
1759 0
1760 0
1761 3
1762 1
1763 5
1764 5
1765 3
1766 4
1767 10
1768 3
1769 3
1770 2
1771 7
1772 2
1773 1
1774 2
1775 6
1776 1
1777 4
1778 2
1779 3
1780 3
1781 1
1782 2
1783 1
1784 2
1785 8
1786 1
1787 3
1788 4
1789 2
1790 1
1791 6
1792 3
1793 4
1794 0
1795 1
1796 3
1797 0
1798 8
1799 4
1800 2
1801 3
1802 3
1803 0
1804 6
1805 3
1806 1
1807 5
1808 2
1809 5
1810 0
1811 2
1812 2
1813 3
1814 4
1815 10
1816 6
1817 5
1818 1
1819 0
1820 4
1821 5
1822 5
1823 5
1824 1
1825 3
1826 1
1827 1
1828 0
1829 2
1830 4
1831 7
1832 0
1833 3
1834 0
1835 9
1836 3
1837 2
1838 3
1839 4
1840 4
1841 1
1842 0
1843 4
1844 2
1845 2
1846 1
1847 4
1848 4
1849 5
1850 1
1851 0
1852 2
1853 2
1854 2
1855 6
1856 3
1857 7
1858 1
1859 0
1860 2
1861 4
1862 3
1863 4
1864 3
1865 5
1866 2
1867 2
1868 2
1869 5
1870 4
1871 8
1872 1
1873 3
1874 6
1875 5
1876 2
1877 5
1878 6
1879 5
1880 3
1881 6
1882 0
1883 4
1884 2
1885 1
1886 1
1887 4
1888 3
1889 0
1890 2
1891 3
1892 6
1893 6
1894 1
1895 7
1896 1
1897 2
1898 6
1899 4
1900 3
1901 3
1902 2
1903 5
1904 3
1905 4
1906 0
1907 5
1908 4
1909 3
1910 0
1911 5
1912 1
1913 5
1914 2
1915 3
1916 2
1917 3
1918 1
1919 1
1920 6
1921 1
1922 5
1923 0
1924 7
1925 4
1926 7
1927 4
1928 0
1929 4
1930 5
1931 1
1932 7
1933 9
1934 2
1935 6
1936 2
1937 8
1938 2
1939 4
1940 3
1941 5
1942 5
1943 6
1944 2
1945 4
1946 0
1947 1
1948 6
1949 6
1950 5
1951 3
1952 3
1953 4
1954 0
1955 0
1956 2
1957 2
1958 1
1959 6
1960 1
1961 5
1962 4
1963 5
1964 1
1965 8
1966 6
1967 8
1968 2
1969 1
1970 0
1971 3
1972 1
1973 4
1974 2
1975 4
1976 2
1977 2
1978 1
1979 2
1980 3
1981 2
1982 2
1983 3
1984 1
1985 4
1986 4
1987 4
1988 1
1989 5
1990 6
1991 3
1992 0
1993 2
1994 1
1995 3
1996 0
1997 3
1998 2
1999 0
2000 3
2001 0
2002 2
2003 5
2004 1
2005 3
2006 4
2007 6
2008 4
2009 6
2010 0
2011 1
2012 2
2013 5
2014 2
2015 2
2016 0
2017 1
2018 0
2019 0
2020 1
2021 0
2022 6
2023 5
2024 2
2025 0
2026 1
2027 3
2028 5
2029 3
2030 4
2031 5
2032 3
2033 0
2034 1
2035 3
2036 2
2037 7
2038 4
2039 6
2040 2
2041 3
2042 3
2043 0
2044 6
2045 1
2046 3
2047 5
2048 4
2049 3
2050 3
2051 3
2052 2
2053 3
2054 6
2055 8
2056 5
2057 4
2058 2
2059 6
2060 5
2061 9
2062 4
2063 16
2064 2
2065 7
2066 4
2067 1
2068 5
2069 7
2070 6
2071 8
2072 2
2073 5
2074 1
2075 7
2076 7
2077 5
2078 4
2079 5
2080 4
2081 5
2082 3
2083 5
2084 4
2085 6
2086 9
2087 10
2088 3
2089 11
2090 4
2091 5
2092 4
2093 5
2094 4
2095 7
2096 3
2097 7
2098 1
2099 5
2100 3
2101 5
2102 6
2103 5
2104 2
2105 4
2106 5
2107 3
2108 8
2109 2
2110 13
2111 1
2112 4
2113 5
2114 4
2115 3
2116 1
2117 3
2118 9
2119 6
2120 2
2121 8
2122 1
2123 4
2124 8
2125 6
2126 8
2127 8
2128 3
2129 7
2130 3
2131 9
2132 10
2133 2
2134 7
2135 4
2136 6
2137 5
2138 5
2139 5
2140 1
2141 2
2142 11
2143 7
2144 1
2145 3
2146 3
2147 3
2148 3
2149 7
2150 5
2151 5
2152 3
2153 2
2154 7
2155 2
2156 3
2157 2
2158 6
2159 8
2160 0
2161 4
2162 2
2163 2
2164 6
2165 3
2166 11
2167 4
2168 2
2169 2
2170 0
2171 0
2172 4
2173 2
2174 8
2175 5
2176 3
2177 5
2178 4
2179 3
2180 1
2181 0
2182 4
2183 7
2184 0
2185 1
2186 2
2187 3
2188 3
2189 2
2190 6
2191 3
2192 2
2193 6
2194 3
2195 7
2196 3
2197 8
2198 5
2199 5
2200 6
2201 9
2202 3
2203 8
2204 4
2205 5
2206 4
2207 8
2208 4
2209 4
2210 3
2211 3
2212 7
2213 3
2214 5
2215 9
2216 3
2217 1
2218 7
2219 4
2220 4
2221 5
2222 4
2223 10
2224 1
2225 8
2226 4
2227 5
2228 8
2229 3
2230 4
2231 3
2232 1
2233 9
2234 3
2235 5
2236 0
2237 6
2238 6
2239 5
2240 4
2241 2
2242 2
2243 1
2244 4
2245 3
2246 6
2247 7
2248 3
2249 11
2250 5
2251 5
2252 4
2253 8
2254 5
2255 6
2256 5
2257 11
2258 1
2259 4
2260 3
2261 2
2262 5
2263 8
2264 1
2265 7
2266 1
2267 3
2268 4
2269 5
2270 4
2271 7
2272 1
2273 11
2274 4
2275 4
2276 4
2277 2
2278 1
2279 7
2280 4
2281 5
2282 2
2283 3
2284 4
2285 5
2286 5
2287 6
2288 2
2289 2
2290 2
2291 9
2292 4
2293 5
2294 7
2295 2
2296 0
2297 8
2298 2
2299 1
2300 6
2301 1
2302 4
2303 2
2304 4
2305 0
2306 2
2307 2
2308 4
2309 0
2310 4
2311 2
2312 2
2313 1
2314 1
2315 4
2316 3
2317 3
2318 2
2319 5
2320 0
2321 7
2322 0
2323 0
2324 7
2325 3
2326 2
2327 8
2328 1
2329 1
2330 1
2331 1
2332 2
2333 2
2334 3
2335 3
2336 0
2337 7
2338 1
2339 5
2340 1
2341 5
2342 5
2343 5
2344 0
2345 4
2346 4
2347 2
2348 3
2349 8
2350 1
2351 3
2352 3
2353 4
2354 0
2355 0
2356 2
2357 1
2358 2
2359 5
2360 1
2361 3
2362 2
2363 3
2364 2
2365 6
2366 4
2367 1
2368 3
2369 4
2370 0
2371 3
2372 4
2373 4
2374 2
2375 6
2376 2
2377 5
2378 4
2379 2
2380 4
2381 1
2382 4
2383 0
2384 1
2385 3
2386 0
2387 3
2388 3
2389 6
2390 8
2391 2
2392 1
2393 1
2394 0
2395 3
2396 5
2397 5
2398 2
2399 8
2400 3
2401 3
2402 0
2403 1
2404 2
2405 4
2406 3
2407 7
2408 5
2409 6
2410 2
2411 3
2412 6
2413 4
2414 1
2415 4
2416 2
2417 0
2418 1
2419 2
2420 2
2421 6
2422 2
2423 3
2424 2
2425 1
2426 0
2427 0
2428 4
2429 1
2430 3
2431 5
2432 2
2433 7
2434 1
2435 3
2436 1
2437 3
2438 1
2439 3
2440 0
2441 4
2442 0
2443 2
2444 3
2445 5
2446 2
2447 1
2448 0
2449 1
2450 3
2451 5
2452 1
2453 0
2454 3
2455 7
2456 2
2457 1
2458 0
2459 2
2460 2
2461 2
2462 3
2463 2
2464 0
2465 3
2466 0
2467 1
2468 0
2469 2
2470 0
2471 1
2472 5
2473 0
2474 0
2475 1
2476 2
2477 1
2478 2
2479 1
2480 1
2481 6
2482 2
2483 2
2484 3
2485 2
2486 2
2487 4
2488 3
2489 4
2490 0
2491 2
2492 3
2493 0
2494 2
2495 5
2496 1
2497 1
2498 2
2499 3
2500 1
2501 2
2502 5
2503 3
2504 0
2505 0
2506 0
2507 2
2508 1
2509 2
2510 2
2511 5
2512 3
2513 5
2514 0
2515 2
2516 0
2517 2
2518 1
2519 4
2520 1
2521 2
2522 3
2523 2
2524 4
2525 0
2526 3
2527 3
2528 2
2529 5
2530 2
2531 3
2532 3
2533 2
2534 3
2535 3
2536 2
2537 5
2538 0
2539 1
2540 3
2541 2
2542 0
2543 1
2544 0
2545 5
2546 0
2547 1
2548 2
2549 1
2550 3
2551 5
2552 0
2553 2
2554 0
2555 3
2556 5
2557 3
2558 7
2559 6
2560 1
2561 6
2562 6
2563 1
2564 0
2565 0
2566 5
2567 4
2568 4
2569 1
2570 0
2571 1
2572 1
2573 2
2574 1
2575 0
2576 1
2577 1
2578 0
2579 2
2580 1
2581 2
2582 2
2583 1
2584 0
2585 1
2586 0
2587 0
2588 1
2589 3
2590 1
2591 2
2592 1
2593 1
2594 2
2595 3
2596 0
2597 0
2598 3
2599 1
2600 0
2601 2
2602 1
2603 1
2604 2
2605 4
2606 0
2607 1
2608 0
2609 4
2610 2
2611 0
2612 0
2613 3
2614 4
2615 3
2616 1
2617 4
2618 0
2619 1
2620 0
2621 2
2622 0
2623 2
2624 3
2625 4
2626 0
2627 0
2628 5
2629 0
2630 2
2631 0
2632 4
2633 2
2634 1
2635 2
2636 3
2637 2
2638 5
2639 5
2640 1
2641 2
2642 0
2643 1
2644 1
2645 0
2646 5
2647 1
2648 2
2649 2
2650 0
2651 1
2652 0
2653 1
2654 4
2655 2
2656 1
2657 2
2658 0
2659 4
2660 0
2661 1
2662 1
2663 0
2664 1
2665 2
2666 0
2667 4
2668 2
2669 1
2670 3
2671 2
2672 0
2673 2
2674 0
2675 0
2676 0
2677 1
2678 0
2679 2
2680 1
2681 0
2682 0
2683 3
2684 2
2685 2
2686 3
2687 1
2688 0
2689 1
2690 0
2691 1
2692 0
2693 3
2694 0
2695 3
2696 1
2697 3
2698 0
2699 7
2700 2
2701 3
2702 2
2703 0
2704 1
2705 0
2706 1
2707 0
2708 0
2709 0
2710 2
2711 1
2712 2
2713 4
2714 2
2715 0
2716 3
2717 2
2718 0
2719 4
2720 0
2721 3
2722 1
2723 0
2724 1
2725 0
2726 3
2727 4
2728 0
2729 0
2730 0
2731 3
2732 0
2733 2
2734 0
2735 2
2736 0
2737 2
2738 0
2739 0
2740 0
2741 2
2742 1
2743 0
2744 2
2745 3
2746 1
2747 0
2748 1
2749 2
2750 1
2751 1
2752 1
2753 1
2754 1
2755 0
2756 0
2757 0
2758 4
2759 4
2760 0
2761 1
2762 1
2763 5
2764 1
2765 1
2766 1
2767 3
2768 2
2769 1
2770 1
2771 2
2772 0
2773 1
2774 0
2775 2
2776 1
2777 1
2778 1
2779 3
2780 0
2781 0
2782 4
2783 6
2784 1
2785 2
2786 0
2787 1
2788 0
2789 0
2790 5
2791 3
2792 0
2793 5
2794 1
2795 1
2796 1
2797 0
2798 1
2799 3
2800 0
2801 1
2802 1
2803 2
2804 1
2805 1
2806 2
2807 1
2808 0
2809 1
2810 0
2811 2
2812 0
2813 1
2814 5
2815 0
2816 5
2817 5
2818 4
2819 7
2820 8
2821 4
2822 6
2823 5
2824 3
2825 7
2826 1
2827 8
2828 5
2829 3
2830 6
2831 2
2832 0
2833 3
2834 4
2835 2
2836 4
2837 6
2838 5
2839 5
2840 5
2841 4
2842 2
2843 3
2844 4
2845 6
2846 5
2847 2
2848 4
2849 6
2850 0
2851 1
2852 3
2853 5
2854 5
2855 6
2856 1
2857 9
2858 2
2859 8
2860 5
2861 5
2862 7
2863 9
2864 1
2865 6
2866 3
2867 6
2868 1
2869 8
2870 5
2871 10
2872 4
2873 6
2874 4
2875 2
2876 5
2877 2
2878 5
2879 3
2880 4
2881 4
2882 1
2883 5
2884 0
2885 3
2886 3
2887 5
2888 2
2889 6
2890 2
2891 2
2892 1
2893 5
2894 3
2895 5
2896 1
2897 6
2898 4
2899 3
2900 1
2901 5
2902 2
2903 2
2904 4
2905 4
2906 5
2907 3
2908 3
2909 2
2910 5
2911 6
2912 0
2913 7
2914 1
2915 2
2916 4
2917 4
2918 5
2919 2
2920 6
2921 9
2922 5
2923 4
2924 4
2925 3
2926 4
2927 7
2928 3
2929 8
2930 3
2931 2
2932 3
2933 1
2934 8
2935 4
2936 2
2937 9
2938 0
2939 8
2940 2
2941 6
2942 4
2943 2
2944 2
2945 2
2946 5
2947 6
2948 3
2949 7
2950 2
2951 7
2952 4
2953 6
2954 0
2955 2
2956 0
2957 7
2958 6
2959 4
2960 1
2961 3
2962 1
2963 6
2964 6
2965 7
2966 5
2967 8
2968 0
2969 4
2970 4
2971 6
2972 1
2973 4
2974 6
2975 10
2976 2
2977 7
2978 3
2979 7
2980 3
2981 4
2982 2
2983 0
2984 2
2985 4
2986 2
2987 3
2988 1
2989 5
2990 3
2991 3
2992 4
2993 8
2994 1
2995 4
2996 4
2997 2
2998 3
2999 6
3000 4
3001 3
3002 2
3003 2
3004 3
3005 5
3006 6
3007 5
3008 3
3009 5
3010 9
3011 7
3012 2
3013 4
3014 8
3015 8
3016 6
3017 3
3018 7
3019 5
3020 3
3021 6
3022 2
3023 2
3024 4
3025 6
3026 2
3027 4
3028 4
3029 4
3030 5
3031 4
3032 0
3033 6
3034 4
3035 10
3036 4
3037 5
3038 9
3039 9
3040 4
3041 2
3042 2
3043 6
3044 1
3045 3
3046 2
3047 6
3048 1
3049 5
3050 3
3051 3
3052 5
3053 7
3054 6
3055 5
3056 5
3057 3
3058 0
3059 2
3060 3
3061 10
3062 4
3063 8
3064 2
3065 11
3066 2
3067 3
3068 6
3069 1
3070 4
3071 3
3072 3
3073 2
3074 0
3075 0
3076 2
3077 2
3078 6
3079 2
3080 0
3081 3
3082 1
3083 1
3084 0
3085 0
3086 3
3087 1
3088 0
3089 2
3090 2
3091 0
3092 1
3093 3
3094 5
3095 6
3096 0
3097 2
3098 0
3099 1
3100 0
3101 3
3102 3
3103 2
3104 1
3105 0
3106 0
3107 4
3108 1
3109 5
3110 7
3111 2
3112 1
3113 2
3114 0
3115 0
3116 0
3117 1
3118 3
3119 5
3120 1
3121 1
3122 0
3123 0
3124 0
3125 1
3126 1
3127 5
3128 0
3129 0
3130 1
3131 0
3132 1
3133 1
3134 3
3135 2
3136 2
3137 0
3138 0
3139 4
3140 3
3141 1
3142 5
3143 4
3144 2
3145 4
3146 0
3147 2
3148 3
3149 3
3150 8
3151 4
3152 2
3153 3
3154 0
3155 0
3156 0
3157 1
3158 2
3159 2
3160 0
3161 0
3162 3
3163 1
3164 1
3165 0
3166 0
3167 5
3168 0
3169 0
3170 1
3171 3
3172 3
3173 1
3174 0
3175 3
3176 0
3177 2
3178 0
3179 2
3180 0
3181 0
3182 2
3183 5
3184 0
3185 2
3186 0
3187 4
3188 2
3189 1
3190 0
3191 0
3192 0
3193 1
3194 2
3195 0
3196 0
3197 3
3198 3
3199 3
3200 2
3201 0
3202 0
3203 5
3204 1
3205 0
3206 6
3207 2
3208 1
3209 3
3210 3
3211 4
3212 0
3213 2
3214 5
3215 6
3216 2
3217 2
3218 1
3219 1
3220 1
3221 4
3222 2
3223 4
3224 0
3225 5
3226 1
3227 0
3228 3
3229 5
3230 6
3231 6
3232 0
3233 5
3234 2
3235 2
3236 1
3237 2
3238 4
3239 4
3240 2
3241 3
3242 0
3243 1
3244 2
3245 2
3246 1
3247 3
3248 0
3249 2
3250 2
3251 1
3252 2
3253 2
3254 6
3255 5
3256 1
3257 1
3258 0
3259 3
3260 0
3261 1
3262 6
3263 2
3264 0
3265 6
3266 3
3267 1
3268 1
3269 0
3270 4
3271 7
3272 0
3273 3
3274 1
3275 1
3276 1
3277 0
3278 7
3279 5
3280 2
3281 2
3282 4
3283 3
3284 1
3285 5
3286 4
3287 3
3288 0
3289 5
3290 0
3291 3
3292 0
3293 1
3294 3
3295 3
3296 2
3297 2
3298 0
3299 2
3300 4
3301 1
3302 1
3303 2
3304 1
3305 4
3306 2
3307 4
3308 1
3309 4
3310 2
3311 1
3312 3
3313 2
3314 0
3315 3
3316 3
3317 3
3318 5
3319 7
3320 2
3321 4
3322 0
3323 0
3324 2
3325 2
3326 4
3327 2
3328 2
3329 3
3330 0
3331 3
3332 2
3333 1
3334 12
3335 3
3336 6
3337 5
3338 2
3339 1
3340 6
3341 5
3342 3
3343 6
3344 1
3345 2
3346 2
3347 2
3348 6
3349 4
3350 7
3351 6
3352 3
3353 0
3354 0
3355 5
3356 6
3357 4
3358 8
3359 3
3360 1
3361 3
3362 2
3363 4
3364 2
3365 3
3366 5
3367 4
3368 3
3369 2
3370 0
3371 3
3372 4
3373 6
3374 1
3375 6
3376 1
3377 4
3378 2
3379 0
3380 1
3381 2
3382 5
3383 4
3384 3
3385 2
3386 1
3387 1
3388 3
3389 1
3390 3
3391 2
3392 0
3393 6
3394 1
3395 4
3396 1
3397 4
3398 0
3399 3
3400 3
3401 3
3402 0
3403 2
3404 1
3405 3
3406 6
3407 9
3408 2
3409 4
3410 1
3411 0
3412 2
3413 4
3414 1
3415 4
3416 2
3417 1
3418 4
3419 0
3420 0
3421 4
3422 5
3423 4
3424 1
3425 3
3426 3
3427 3
3428 0
3429 2
3430 5
3431 4
3432 1
3433 2
3434 3
3435 1
3436 0
3437 2
3438 4
3439 6
3440 1
3441 1
3442 0
3443 0
3444 3
3445 1
3446 2
3447 1
3448 2
3449 3
3450 6
3451 2
3452 0
3453 5
3454 2
3455 2
3456 4
3457 3
3458 2
3459 3
3460 0
3461 4
3462 2
3463 4
3464 2
3465 4
3466 0
3467 3
3468 1
3469 0
3470 8
3471 3
3472 0
3473 2
3474 0
3475 2
3476 2
3477 2
3478 7
3479 3
3480 0
3481 6
3482 0
3483 2
3484 3
3485 2
3486 4
3487 4
3488 1
3489 4
3490 2
3491 5
3492 2
3493 1
3494 0
3495 1
3496 2
3497 1
3498 0
3499 3
3500 2
3501 0
3502 4
3503 1
3504 0
3505 5
3506 3
3507 3
3508 7
3509 4
3510 3
3511 0
3512 2
3513 0
3514 1
3515 2
3516 0
3517 0
3518 2
3519 5
3520 3
3521 1
3522 2
3523 0
3524 1
3525 2
3526 2
3527 6
3528 4
3529 7
3530 1
3531 3
3532 2
3533 6
3534 4
3535 5
3536 0
3537 3
3538 6
3539 0
3540 3
3541 2
3542 6
3543 0
3544 1
3545 2
3546 3
3547 3
3548 3
3549 5
3550 1
3551 4
3552 5
3553 4
3554 0
3555 1
3556 3
3557 8
3558 3
3559 7
3560 2
3561 2
3562 2
3563 0
3564 0
3565 4
3566 8
3567 5
3568 1
3569 3
3570 0
3571 3
3572 2
3573 3
3574 2
3575 6
3576 0
3577 5
3578 4
3579 3
3580 4
3581 3
3582 1
3583 3
3584 0
3585 5
3586 2
3587 1
3588 4
3589 2
3590 10
3591 4
3592 1
3593 2
3594 0
3595 0
3596 1
3597 6
3598 4
3599 2
3600 0
3601 4
3602 2
3603 2
3604 1
3605 5
3606 7
3607 5
3608 5
3609 4
3610 1
3611 0
3612 3
3613 1
3614 4
3615 3
3616 2
3617 7
3618 2
3619 1
3620 2
3621 0
3622 4
3623 0
3624 1
3625 6
3626 2
3627 1
3628 3
3629 2
3630 1
3631 7
3632 3
3633 0
3634 0
3635 3
3636 2
3637 2
3638 1
3639 5
3640 2
3641 8
3642 0
3643 1
3644 3
3645 6
3646 6
3647 2
3648 1
3649 4
3650 2
3651 1
3652 3
3653 4
3654 3
3655 5
3656 2
3657 2
3658 2
3659 1
3660 0
3661 2
3662 3
3663 4
3664 3
3665 3
3666 1
3667 2
3668 2
3669 2
3670 6
3671 8
3672 1
3673 1
3674 5
3675 0
3676 0
3677 4
3678 0
3679 1
3680 4
3681 4
3682 4
3683 1
3684 1
3685 1
3686 8
3687 2
3688 3
3689 7
3690 0
3691 4
3692 5
3693 3
3694 8
3695 2
3696 0
3697 0
3698 1
3699 0
3700 2
3701 3
3702 6
3703 4
3704 0
3705 0
3706 0
3707 3
3708 1
3709 4
3710 7
3711 3
3712 1
3713 3
3714 0
3715 3
3716 1
3717 4
3718 6
3719 3
3720 1
3721 3
3722 5
3723 1
3724 5
3725 6
3726 3
3727 1
3728 2
3729 2
3730 0
3731 5
3732 2
3733 5
3734 4
3735 4
3736 0
3737 2
3738 2
3739 2
3740 0
3741 5
3742 3
3743 2
3744 0
3745 2
3746 0
3747 0
3748 5
3749 0
3750 1
3751 4
3752 1
3753 3
3754 3
3755 2
3756 2
3757 2
3758 5
3759 5
3760 2
3761 5
3762 2
3763 3
3764 5
3765 3
3766 3
3767 3
3768 2
3769 1
3770 3
3771 0
3772 2
3773 2
3774 5
3775 6
3776 3
3777 2
3778 3
3779 1
3780 2
3781 5
3782 6
3783 5
3784 0
3785 2
3786 0
3787 1
3788 3
3789 2
3790 0
3791 3
3792 2
3793 5
3794 0
3795 0
3796 1
3797 3
3798 2
3799 4
3800 0
3801 4
3802 1
3803 1
3804 6
3805 4
3806 0
3807 3
3808 2
3809 2
3810 1
3811 1
3812 4
3813 3
3814 1
3815 6
3816 2
3817 3
3818 0
3819 4
3820 4
3821 4
3822 6
3823 4
3824 2
3825 2
3826 1
3827 0
3828 2
3829 3
3830 2
3831 3
3832 1
3833 2
3834 0
3835 1
3836 2
3837 2
3838 3
3839 6
3840 1
3841 3
3842 1
3843 2
3844 0
3845 4
3846 3
3847 1
3848 0
3849 0
3850 2
3851 0
3852 2
3853 3
3854 1
3855 3
3856 2
3857 1
3858 0
3859 0
3860 0
3861 1
3862 4
3863 6
3864 1
3865 2
3866 0
3867 2
3868 2
3869 5
3870 4
3871 2
3872 5
3873 5
3874 0
3875 2
3876 2
3877 5
3878 4
3879 1
3880 0
3881 1
3882 0
3883 0
3884 4
3885 3
3886 5
3887 3
3888 5
3889 3
3890 3
3891 4
3892 1
3893 2
3894 8
3895 3
3896 2
3897 1
3898 1
3899 2
3900 0
3901 4
3902 6
3903 2
3904 1
3905 2
3906 0
3907 1
3908 3
3909 3
3910 1
3911 1
3912 0
3913 1
3914 1
3915 3
3916 0
3917 1
3918 3
3919 9
3920 3
3921 0
3922 0
3923 2
3924 4
3925 2
3926 4
3927 5
3928 0
3929 0
3930 0
3931 0
3932 1
3933 3
3934 0
3935 5
3936 1
3937 4
3938 4
3939 1
3940 2
3941 4
3942 2
3943 4
3944 3
3945 2
3946 2
3947 3
3948 1
3949 4
3950 3
3951 4
3952 0
3953 2
3954 1
3955 4
3956 3
3957 2
3958 1
3959 4
3960 0
3961 0
3962 2
3963 0
3964 2
3965 1
3966 4
3967 4
3968 2
3969 2
3970 2
3971 2
3972 3
3973 0
3974 2
3975 2
3976 2
3977 1
3978 4
3979 1
3980 1
3981 2
3982 1
3983 7
3984 0
3985 0
3986 2
3987 2
3988 6
3989 1
3990 5
3991 5
3992 1
3993 6
3994 0
3995 2
3996 3
3997 5
3998 5
3999 1
4000 1
4001 2
4002 0
4003 2
4004 0
4005 2
4006 1
4007 2
4008 4
4009 4
4010 2
4011 3
4012 2
4013 3
4014 2
4015 7
4016 3
4017 4
4018 1
4019 1
4020 3
4021 2
4022 2
4023 5
4024 0
4025 5
4026 0
4027 2
4028 4
4029 2
4030 6
4031 4
4032 2
4033 2
4034 2
4035 5
4036 3
4037 2
4038 1
4039 0
4040 2
4041 7
4042 0
4043 3
4044 2
4045 1
4046 2
4047 2
4048 0
4049 6
4050 5
4051 3
4052 0
4053 2
4054 4
4055 7
4056 3
4057 3
4058 0
4059 2
4060 5
4061 2
4062 2
4063 5
4064 1
4065 0
4066 1
4067 2
4068 1
4069 0
4070 7
4071 7
4072 1
4073 0
4074 0
4075 2
4076 1
4077 2
4078 5
4079 1
4080 0
4081 4
4082 0
4083 3
4084 1
4085 1
4086 0
4087 4
4088 3
4089 1
4090 3
4091 0
4092 3
4093 0
4094 6
4095 5
4096 7
4097 6
4098 4
4099 0
4100 4
4101 4
4102 7
4103 3
4104 0
4105 2
4106 1
4107 5
4108 3
4109 7
4110 3
4111 10
4112 3
4113 2
4114 1
4115 3
4116 5
4117 7
4118 7
4119 4
4120 2
4121 2
4122 2
4123 6
4124 2
4125 3
4126 6
4127 4
4128 3
4129 5
4130 1
4131 1
4132 4
4133 0
4134 2
4135 3
4136 1
4137 4
4138 1
4139 2
4140 7
4141 5
4142 7
4143 8
4144 2
4145 8
4146 0
4147 5
4148 0
4149 3
4150 7
4151 3
4152 1
4153 3
4154 1
4155 7
4156 5
4157 5
4158 1
4159 4
4160 0
4161 4
4162 6
4163 7
4164 2
4165 4
4166 2
4167 5
4168 3
4169 1
4170 3
4171 7
4172 3
4173 7
4174 1
4175 6
4176 3
4177 5
4178 4
4179 0
4180 1
4181 3
4182 7
4183 1
4184 3
4185 2
4186 5
4187 1
4188 1
4189 4
4190 6
4191 11
4192 1
4193 5
4194 1
4195 8
4196 1
4197 6
4198 8
4199 5
4200 1
4201 2
4202 1
4203 3
4204 3
4205 5
4206 3
4207 4
4208 2
4209 2
4210 2
4211 2
4212 3
4213 3
4214 4
4215 2
4216 3
4217 4
4218 3
4219 2
4220 3
4221 4
4222 3
4223 7
4224 2
4225 3
4226 1
4227 0
4228 5
4229 3
4230 3
4231 3
4232 2
4233 2
4234 3
4235 3
4236 3
4237 4
4238 2
4239 2
4240 5
4241 4
4242 0
4243 3
4244 3
4245 2
4246 4
4247 5
4248 4
4249 1
4250 1
4251 3
4252 3
4253 0
4254 3
4255 6
4256 2
4257 0
4258 2
4259 2
4260 2
4261 1
4262 1
4263 5
4264 1
4265 0
4266 0
4267 5
4268 2
4269 3
4270 2
4271 2
4272 1
4273 4
4274 0
4275 3
4276 1
4277 2
4278 6
4279 2
4280 3
4281 4
4282 1
4283 6
4284 3
4285 2
4286 5
4287 5
4288 1
4289 4
4290 1
4291 1
4292 1
4293 3
4294 6
4295 8
4296 0
4297 6
4298 6
4299 0
4300 1
4301 4
4302 4
4303 9
4304 1
4305 4
4306 4
4307 1
4308 3
4309 2
4310 0
4311 2
4312 0
4313 2
4314 1
4315 1
4316 2
4317 8
4318 2
4319 7
4320 0
4321 2
4322 0
4323 2
4324 5
4325 2
4326 4
4327 1
4328 2
4329 4
4330 3
4331 4
4332 6
4333 1
4334 4
4335 8
4336 3
4337 2
4338 0
4339 2
4340 0
4341 5
4342 2
4343 3
4344 2
4345 0
4346 4
4347 3
4348 2
4349 2
4350 3
4351 4
4352 2
4353 3
4354 4
4355 3
4356 1
4357 6
4358 5
4359 2
4360 2
4361 0
4362 2
4363 2
4364 1
4365 5
4366 1
4367 8
4368 3
4369 4
4370 3
4371 0
4372 5
4373 3
4374 5
4375 3
4376 0
4377 3
4378 1
4379 4
4380 0
4381 2
4382 5
4383 6
4384 2
4385 1
4386 2
4387 4
4388 2
4389 1
4390 1
4391 3
4392 0
4393 1
4394 0
4395 4
4396 1
4397 1
4398 2
4399 4
4400 1
4401 3
4402 1
4403 0
4404 0
4405 6
4406 4
4407 2
4408 0
4409 5
4410 4
4411 3
4412 3
4413 3
4414 3
4415 5
4416 0
4417 4
4418 3
4419 3
4420 6
4421 1
4422 2
4423 3
4424 0
4425 4
4426 0
4427 2
4428 3
4429 1
4430 4
4431 4
4432 0
4433 4
4434 1
4435 3
4436 3
4437 5
4438 3
4439 7
4440 4
4441 1
4442 2
4443 3
4444 1
4445 5
4446 3
4447 2
4448 1
4449 4
4450 1
4451 0
4452 4
4453 3
4454 2
4455 3
4456 2
4457 0
4458 0
4459 3
4460 1
4461 8
4462 3
4463 7
4464 0
4465 4
4466 0
4467 2
4468 6
4469 1
4470 0
4471 5
4472 2
4473 2
4474 1
4475 2
4476 0
4477 5
4478 7
4479 3
4480 6
4481 3
4482 2
4483 3
4484 3
4485 6
4486 1
4487 3
4488 2
4489 0
4490 5
4491 5
4492 1
4493 3
4494 4
4495 6
4496 4
4497 2
4498 2
4499 2
4500 2
4501 5
4502 5
4503 3
4504 3
4505 3
4506 0
4507 3
4508 7
4509 3
4510 4
4511 7
4512 1
4513 1
4514 1
4515 5
4516 3
4517 3
4518 6
4519 5
4520 2
4521 8
4522 1
4523 1
4524 4
4525 1
4526 5
4527 2
4528 2
4529 5
4530 1
4531 1
4532 0
4533 2
4534 6
4535 2
4536 0
4537 1
4538 2
4539 3
4540 0
4541 5
4542 5
4543 3
4544 0
4545 5
4546 2
4547 0
4548 4
4549 2
4550 2
4551 0
4552 0
4553 3
4554 1
4555 2
4556 5
4557 3
4558 1
4559 5
4560 4
4561 6
4562 0
4563 4
4564 5
4565 0
4566 3
4567 1
4568 3
4569 4
4570 0
4571 2
4572 0
4573 1
4574 7
4575 6
4576 1
4577 3
4578 2
4579 3
4580 1
4581 4
4582 5
4583 5
4584 3
4585 5
4586 2
4587 3
4588 1
4589 4
4590 6
4591 0
4592 4
4593 5
4594 0
4595 5
4596 1
4597 1
4598 5
4599 4
4600 0
4601 2
4602 3
4603 0
4604 1
4605 3
4606 1
4607 7
4608 1
4609 2
4610 1
4611 3
4612 4
4613 4
4614 7
4615 6
4616 1
4617 0
4618 3
4619 3
4620 3
4621 1
4622 6
4623 0
4624 0
4625 1
4626 1
4627 1
4628 3
4629 2
4630 2
4631 4
4632 1
4633 1
4634 0
4635 1
4636 1
4637 2
4638 2
4639 2
4640 1
4641 2
4642 1
4643 0
4644 2
4645 0
4646 2
4647 4
4648 4
4649 1
4650 0
4651 1
4652 4
4653 2
4654 5
4655 1
4656 2
4657 0
4658 2
4659 0
4660 4
4661 5
4662 4
4663 2
4664 3
4665 2
4666 1
4667 2
4668 1
4669 0
4670 1
4671 4
4672 1
4673 1
4674 0
4675 2
4676 2
4677 6
4678 3
4679 3
4680 0
4681 2
4682 1
4683 0
4684 3
4685 4
4686 1
4687 0
4688 0
4689 1
4690 0
4691 0
4692 1
4693 1
4694 1
4695 3
4696 2
4697 2
4698 3
4699 4
4700 1
4701 3
4702 1
4703 2
4704 2
4705 0
4706 3
4707 0
4708 0
4709 2
4710 5
4711 2
4712 2
4713 2
4714 3
4715 2
4716 0
4717 3
4718 3
4719 3
4720 1
4721 0
4722 3
4723 2
4724 1
4725 3
4726 1
4727 5
4728 0
4729 3
4730 0
4731 0
4732 2
4733 5
4734 5
4735 3
4736 5
4737 2
4738 0
4739 3
4740 2
4741 0
4742 0
4743 3
4744 0
4745 2
4746 1
4747 0
4748 1
4749 3
4750 0
4751 0
4752 0
4753 1
4754 1
4755 0
4756 1
4757 5
4758 2
4759 3
4760 2
4761 4
4762 0
4763 4
4764 1
4765 3
4766 5
4767 0
4768 2
4769 2
4770 2
4771 1
4772 3
4773 8
4774 1
4775 3
4776 3
4777 3
4778 0
4779 2
4780 0
4781 4
4782 1
4783 6
4784 1
4785 0
4786 2
4787 2
4788 5
4789 0
4790 2
4791 2
4792 2
4793 3
4794 0
4795 1
4796 0
4797 1
4798 1
4799 6
4800 1
4801 2
4802 0
4803 2
4804 3
4805 1
4806 3
4807 0
4808 0
4809 0
4810 0
4811 3
4812 1
4813 3
4814 5
4815 5
4816 1
4817 0
4818 0
4819 2
4820 0
4821 2
4822 0
4823 1
4824 0
4825 0
4826 2
4827 0
4828 2
4829 4
4830 3
4831 1
4832 0
4833 5
4834 1
4835 3
4836 2
4837 2
4838 2
4839 3
4840 3
4841 2
4842 1
4843 1
4844 6
4845 1
4846 4
4847 2
4848 1
4849 0
4850 2
4851 0
4852 0
4853 1
4854 3
4855 4
4856 0
4857 1
4858 2
4859 0
4860 5
4861 5
4862 5
4863 0
4864 0
4865 0
4866 2
4867 0
4868 0
4869 0
4870 3
4871 1
4872 0
4873 3
4874 0
4875 3
4876 2
4877 0
4878 3
4879 0
4880 3
4881 6
4882 0
4883 3
4884 1
4885 6
4886 2
4887 5
4888 1
4889 3
4890 2
4891 2
4892 2
4893 0
4894 1
4895 2
4896 0
4897 0
4898 1
4899 5
4900 3
4901 1
4902 3
4903 1
4904 2
4905 1
4906 3
4907 1
4908 0
4909 2
4910 3
4911 2
4912 1
4913 1
4914 0
4915 1
4916 1
4917 0
4918 3
4919 3
4920 2
4921 0
4922 6
4923 1
4924 3
4925 1
4926 5
4927 4
4928 0
4929 2
4930 1
4931 0
4932 1
4933 2
4934 5
4935 5
4936 3
4937 2
4938 0
4939 0
4940 2
4941 2
4942 2
4943 2
4944 1
4945 2
4946 1
4947 3
4948 1
4949 0
4950 3
4951 1
4952 0
4953 3
4954 0
4955 5
4956 0
4957 2
4958 4
4959 4
4960 3
4961 0
4962 0
4963 0
4964 2
4965 0
4966 1
4967 2
4968 3
4969 3
4970 1
4971 0
4972 2
4973 1
4974 4
4975 3
4976 0
4977 1
4978 0
4979 0
4980 3
4981 0
4982 9
4983 4
4984 1
4985 1
4986 1
4987 0
4988 0
4989 2
4990 0
4991 0
4992 0
4993 3
4994 2
4995 0
4996 2
4997 1
4998 1
4999 3
