0 0
1 4
2 3
3 3
4 1
5 5
6 1
7 4
8 1
9 3
10 3
11 1
12 1
13 6
14 5
15 2
16 1
17 4
18 3
19 1
20 3
21 2
22 0
23 0
24 2
25 1
26 0
27 3
28 1
29 7
30 2
31 0
32 2
33 2
34 2
35 0
36 1
37 5
38 4
39 5
40 0
41 7
42 3
43 0
44 0
45 6
46 2
47 3
48 2
49 6
50 2
51 1
52 3
53 4
54 3
55 0
56 3
57 2
58 1
59 4
60 0
61 1
62 5
63 0
64 1
65 4
66 8
67 0
68 2
69 5
70 4
71 2
72 2
73 2
74 3
75 1
76 1
77 2
78 2
79 3
80 0
81 4
82 6
83 2
84 2
85 8
86 7
87 1
88 3
89 6
90 2
91 1
92 2
93 6
94 0
95 1
96 0
97 5
98 3
99 0
100 0
101 7
102 0
103 1
104 0
105 1
106 5
107 4
108 3
109 5
110 3
111 1
112 3
113 7
114 2
115 2
116 1
117 2
118 4
119 2
120 0
121 1
122 3
123 1
124 0
125 3
126 4
127 0
128 3
129 6
130 5
131 0
132 4
133 5
134 2
135 2
136 3
137 9
138 7
139 4
140 5
141 5
142 6
143 4
144 1
145 3
146 3
147 4
148 0
149 6
150 1
151 1
152 3
153 6
154 1
155 1
156 2
157 6
158 3
159 2
160 1
161 2
162 3
163 4
164 1
165 5
166 6
167 1
168 2
169 3
170 3
171 0
172 0
173 6
174 4
175 0
176 4
177 8
178 3
179 0
180 0
181 2
182 4
183 1
184 3
185 4
186 1
187 0
188 0
189 2
190 2
191 0
192 0
193 2
194 3
195 0
196 3
197 9
198 4
199 1
200 2
201 0
202 4
203 2
204 0
205 4
206 2
207 0
208 2
209 2
210 0
211 0
212 1
213 4
214 2
215 0
216 4
217 2
218 3
219 2
220 1
221 6
222 4
223 0
224 4
225 5
226 2
227 1
228 2
229 7
230 2
231 2
232 2
233 3
234 1
235 0
236 0
237 3
238 1
239 2
240 2
241 0
242 5
243 0
244 2
245 7
246 7
247 1
248 0
249 11
250 2
251 1
252 2
253 7
254 1
255 2
256 4
257 4
258 2
259 2
260 3
261 8
262 9
263 2
264 3
265 4
266 2
267 1
268 6
269 2
270 5
271 3
272 3
273 3
274 2
275 2
276 0
277 3
278 3
279 0
280 1
281 2
282 4
283 1
284 2
285 10
286 2
287 2
288 2
289 2
290 1
291 3
292 6
293 3
294 6
295 2
296 2
297 4
298 7
299 0
300 5
301 5
302 2
303 0
304 1
305 0
306 4
307 3
308 2
309 3
310 5
311 1
312 2
313 3
314 3
315 3
316 6
317 9
318 2
319 2
320 1
321 0
322 5
323 1
324 0
325 7
326 4
327 0
328 1
329 2
330 3
331 2
332 2
333 6
334 5
335 5
336 0
337 3
338 4
339 2
340 4
341 6
342 3
343 3
344 1
345 6
346 0
347 1
348 0
349 1
350 0
351 2
352 3
353 1
354 1
355 0
356 0
357 8
358 2
359 1
360 1
361 2
362 10
363 6
364 1
365 4
366 3
367 0
368 4
369 2
370 5
371 2
372 6
373 8
374 4
375 5
376 0
377 6
378 3
379 4
380 4
381 1
382 2
383 1
384 3
385 3
386 2
387 3
388 2
389 6
390 6
391 1
392 3
393 4
394 5
395 2
396 1
397 5
398 4
399 1
400 4
401 2
402 4
403 4
404 0
405 4
406 2
407 1
408 4
409 4
410 0
411 0
412 4
413 7
414 3
415 3
416 3
417 11
418 5
419 1
420 1
421 3
422 6
423 3
424 2
425 2
426 1
427 2
428 0
429 6
430 4
431 2
432 2
433 6
434 8
435 1
436 0
437 3
438 2
439 3
440 5
441 2
442 3
443 1
444 0
445 6
446 3
447 1
448 3
449 2
450 9
451 4
452 0
453 6
454 6
455 0
456 2
457 5
458 3
459 2
460 0
461 6
462 1
463 0
464 2
465 8
466 4
467 2
468 1
469 11
470 0
471 0
472 1
473 3
474 6
475 2
476 0
477 6
478 5
479 0
480 0
481 5
482 4
483 1
484 1
485 3
486 2
487 1
488 3
489 3
490 6
491 3
492 1
493 4
494 4
495 2
496 3
497 5
498 7
499 4
500 0
501 3
502 4
503 0
504 0
505 2
506 4
507 1
508 1
509 3
510 6
511 3
512 2
513 0
514 2
515 1
516 0
517 10
518 2
519 1
520 5
521 4
522 1
523 2
524 4
525 5
526 2
527 0
528 4
529 5
530 3
531 0
532 1
533 1
534 3
535 1
536 4
537 4
538 6
539 0
540 3
541 6
542 8
543 1
544 3
545 6
546 3
547 0
548 1
549 6
550 0
551 2
552 4
553 5
554 3
555 2
556 0
557 9
558 1
559 3
560 2
561 4
562 3
563 0
564 1
565 2
566 1
567 2
568 3
569 4
570 1
571 1
572 3
573 2
574 5
575 2
576 0
577 1
578 4
579 1
580 2
581 1
582 0
583 0
584 2
585 5
586 4
587 0
588 4
589 2
590 4
591 6
592 2
593 5
594 2
595 0
596 1
597 4
598 3
599 3
600 0
601 3
602 4
603 3
604 3
605 6
606 5
607 3
608 4
609 5
610 3
611 0
612 0
613 7
614 5
615 4
616 4
617 3
618 2
619 1
620 0
621 0
622 2
623 0
624 2
625 4
626 3
627 0
628 2
629 7
630 4
631 5
632 1
633 4
634 3
635 0
636 1
637 2
638 6
639 2
640 5
641 0
642 3
643 0
644 2
645 3
646 1
647 0
648 2
649 2
650 7
651 0
652 1
653 4
654 4
655 7
656 0
657 5
658 6
659 3
660 1
661 4
662 1
663 4
664 1
665 2
666 2
667 2
668 0
669 3
670 3
671 4
672 4
673 4
674 3
675 3
676 4
677 2
678 1
679 0
680 4
681 2
682 3
683 2
684 2
685 6
686 1
687 0
688 0
689 3
690 4
691 0
692 0
693 0
694 5
695 1
696 3
697 0
698 1
699 1
700 1
701 4
702 5
703 2
704 2
705 6
706 9
707 0
708 4
709 2
710 2
711 1
712 2
713 3
714 3
715 7
716 2
717 6
718 4
719 1
720 4
721 2
722 2
723 4
724 1
725 4
726 3
727 4
728 0
729 3
730 5
731 2
732 2
733 5
734 6
735 3
736 1
737 3
738 4
739 3
740 5
741 5
742 1
743 0
744 2
745 3
746 2
747 2
748 1
749 2
750 4
751 2
752 1
753 3
754 3
755 4
756 0
757 5
758 7
759 0
760 7
761 5
762 4
763 2
764 4
765 5
766 2
767 0
768 1
769 4
770 2
771 2
772 3
773 6
774 2
775 1
776 0
777 8
778 3
779 2
780 1
781 2
782 3
783 4
784 2
785 2
786 2
787 1
788 2
789 4
790 5
791 2
792 1
793 1
794 5
795 0
796 1
797 7
798 1
799 3
800 3
801 0
802 2
803 0
804 1
805 5
806 5
807 0
808 1
809 4
810 2
811 3
812 2
813 8
814 3
815 2
816 1
817 3
818 11
819 4
820 1
821 3
822 2
823 2
824 0
825 4
826 4
827 0
828 1
829 6
830 1
831 2
832 3
833 4
834 3
835 3
836 1
837 8
838 0
839 1
840 0
841 3
842 2
843 0
844 2
845 4
846 2
847 4
848 1
849 1
850 8
851 1
852 3
853 2
854 2
855 0
856 3
857 2
858 4
859 0
860 0
861 1
862 5
863 2
864 1
865 3
866 2
867 1
868 1
869 3
870 1
871 0
872 2
873 0
874 5
875 3
876 4
877 2
878 0
879 2
880 0
881 3
882 5
883 2
884 3
885 3
886 3
887 3
888 2
889 2
890 1
891 2
892 2
893 5
894 2
895 1
896 1
897 6
898 2
899 2
900 2
901 8
902 4
903 3
904 0
905 3
906 3
907 0
908 0
909 3
910 3
911 3
912 1
913 8
914 3
915 1
916 1
917 5
918 5
919 2
920 0
921 2
922 9
923 1
924 5
925 6
926 7
927 1
928 2
929 4
930 8
931 1
932 4
933 5
934 8
935 0
936 0
937 1
938 9
939 2
940 4
941 1
942 3
943 2
944 1
945 3
946 4
947 2
948 1
949 4
950 5
951 0
952 6
953 2
954 1
955 2
956 0
957 5
958 3
959 3
960 2
961 4
962 1
963 0
964 1
965 2
966 4
967 2
968 2
969 0
970 3
971 0
972 0
973 2
974 9
975 4
976 8
977 5
978 3
979 7
980 0
981 4
982 3
983 0
984 2
985 3
986 0
987 0
988 0
989 2
990 3
991 1
992 3
993 0
994 4
995 0
996 2
997 3
998 4
999 2
1000 3
1001 6
1002 0
1003 1
1004 1
1005 3
1006 3
1007 2
1008 0
1009 1
1010 3
1011 4
1012 3
1013 3
1014 6
1015 0
1016 0
1017 3
1018 1
1019 0
1020 1
1021 11
1022 3
1023 4
1024 3
1025 6
1026 1
1027 2
1028 1
1029 8
1030 4
1031 0
1032 5
1033 3
1034 3
1035 0
1036 2
1037 0
1038 2
1039 1
1040 3
1041 9
1042 0
1043 1
1044 1
1045 3
1046 3
1047 2
1048 3
1049 5
1050 2
1051 2
1052 3
1053 5
1054 7
1055 4
1056 1
1057 6
1058 0
1059 4
1060 3
1061 5
1062 6
1063 6
1064 3
1065 1
1066 3
1067 4
1068 0
1069 1
1070 0
1071 0
1072 4
1073 4
1074 2
1075 0
1076 3
1077 5
1078 2
1079 0
1080 4
1081 4
1082 4
1083 2
1084 0
1085 5
1086 2
1087 0
1088 0
1089 6
1090 2
1091 2
1092 0
1093 4
1094 10
1095 1
1096 3
1097 1
1098 5
1099 5
1100 0
1101 5
1102 3
1103 0
1104 1
1105 5
1106 2
1107 3
1108 1
1109 5
1110 10
1111 0
1112 2
1113 1
1114 4
1115 0
1116 1
1117 4
1118 5
1119 2
1120 5
1121 4
1122 2
1123 4
1124 1
1125 6
1126 6
1127 2
1128 3
1129 2
1130 6
1131 7
1132 7
1133 3
1134 6
1135 0
1136 3
1137 3
1138 6
1139 2
1140 4
1141 5
1142 9
1143 3
1144 2
1145 5
1146 7
1147 1
1148 0
1149 5
1150 0
1151 2
1152 1
1153 6
1154 4
1155 0
1156 2
1157 10
1158 3
1159 0
1160 5
1161 6
1162 3
1163 0
1164 2
1165 8
1166 4
1167 2
1168 5
1169 6
1170 3
1171 4
1172 0
1173 8
1174 2
1175 5
1176 2
1177 0
1178 4
1179 1
1180 0
1181 3
1182 6
1183 3
1184 3
1185 8
1186 2
1187 2
1188 4
1189 6
1190 4
1191 5
1192 2
1193 5
1194 2
1195 2
1196 1
1197 4
1198 9
1199 3
1200 0
1201 2
1202 1
1203 1
1204 0
1205 2
1206 1
1207 2
1208 5
1209 6
1210 3
1211 2
1212 1
1213 7
1214 6
1215 0
1216 3
1217 4
1218 4
1219 3
1220 0
1221 3
1222 1
1223 2
1224 5
1225 4
1226 2
1227 5
1228 1
1229 7
1230 2
1231 2
1232 0
1233 2
1234 5
1235 1
1236 2
1237 6
1238 2
1239 1
1240 2
1241 7
1242 7
1243 0
1244 3
1245 4
1246 4
1247 2
1248 3
1249 2
1250 1
1251 1
1252 5
1253 8
1254 5
1255 0
1256 4
1257 8
1258 2
1259 2
1260 0
1261 5
1262 5
1263 0
1264 5
1265 7
1266 4
1267 1
1268 2
1269 4
1270 5
1271 4
1272 0
1273 1
1274 2
1275 1
1276 1
1277 5
1278 3
1279 1
1280 1
1281 7
1282 3
1283 1
1284 0
1285 5
1286 5
1287 6
1288 5
1289 4
1290 3
1291 1
1292 0
1293 8
1294 5
1295 1
1296 0
1297 8
1298 5
1299 0
1300 0
1301 2
1302 1
1303 5
1304 1
1305 1
1306 4
1307 1
1308 4
1309 5
1310 5
1311 5
1312 0
1313 3
1314 4
1315 2
1316 0
1317 3
1318 0
1319 4
1320 5
1321 3
1322 2
1323 1
1324 0
1325 5
1326 3
1327 3
1328 3
1329 7
1330 3
1331 2
1332 0
1333 10
1334 5
1335 1
1336 3
1337 0
1338 1
1339 3
1340 3
1341 3
1342 3
1343 0
1344 2
1345 6
1346 3
1347 3
1348 5
1349 6
1350 3
1351 1
1352 2
1353 0
1354 2
1355 2
1356 0
1357 4
1358 1
1359 0
1360 1
1361 4
1362 0
1363 1
1364 1
1365 5
1366 1
1367 0
1368 0
1369 2
1370 5
1371 3
1372 5
1373 6
1374 7
1375 2
1376 3
1377 0
1378 0
1379 3
1380 0
1381 0
1382 4
1383 1
1384 1
1385 3
1386 3
1387 0
1388 1
1389 4
1390 1
1391 2
1392 6
1393 3
1394 5
1395 7
1396 1
1397 0
1398 5
1399 4
1400 1
1401 2
1402 6
1403 0
1404 3
1405 1
1406 1
1407 3
1408 1
1409 4
1410 4
1411 2
1412 6
1413 7
1414 2
1415 1
1416 1
1417 2
1418 1
1419 4
1420 3
1421 2
1422 2
1423 4
1424 5
1425 0
1426 4
1427 2
1428 0
1429 5
1430 2
1431 0
1432 3
1433 2
1434 2
1435 0
1436 0
1437 4
1438 1
1439 3
1440 0
1441 6
1442 3
1443 1
1444 2
1445 7
1446 3
1447 3
1448 2
1449 0
1450 3
1451 4
1452 3
1453 3
1454 2
1455 0
1456 5
1457 3
1458 4
1459 2
1460 1
1461 4
1462 5
1463 2
1464 5
1465 0
1466 5
1467 10
1468 5
1469 3
1470 5
1471 4
1472 0
1473 2
1474 2
1475 1
1476 1
1477 5
1478 8
1479 5
1480 4
1481 7
1482 2
1483 3
1484 6
1485 4
1486 1
1487 4
1488 2
1489 3
1490 0
1491 2
1492 3
1493 3
1494 3
1495 0
1496 5
1497 7
1498 5
1499 5
1500 2
1501 10
1502 3
1503 3
1504 3
1505 6
1506 2
1507 1
1508 1
1509 6
1510 10
1511 1
1512 0
1513 5
1514 8
1515 0
1516 0
1517 4
1518 3
1519 1
1520 1
1521 3
1522 2
1523 2
1524 0
1525 5
1526 2
1527 4
1528 2
1529 2
1530 3
1531 4
1532 0
1533 5
1534 2
1535 2
1536 5
1537 2
1538 4
1539 2
1540 5
1541 2
1542 3
1543 1
1544 1
1545 4
1546 3
1547 1
1548 4
1549 5
1550 2
1551 1
1552 0
1553 6
1554 8
1555 2
1556 0
1557 8
1558 10
1559 3
1560 2
1561 7
1562 2
1563 5
1564 3
1565 3
1566 4
1567 2
1568 1
1569 2
1570 9
1571 2
1572 2
1573 2
1574 6
1575 1
1576 3
1577 2
1578 5
1579 1
1580 6
1581 0
1582 1
1583 0
1584 0
1585 5
1586 5
1587 1
1588 5
1589 4
1590 4
1591 0
1592 1
1593 3
1594 4
1595 2
1596 0
1597 0
1598 3
1599 2
1600 3
1601 2
1602 1
1603 0
1604 0
1605 4
1606 2
1607 5
1608 5
1609 4
1610 7
1611 1
1612 1
1613 6
1614 1
1615 1
1616 3
1617 8
1618 5
1619 1
1620 2
1621 4
1622 1
1623 2
1624 0
1625 1
1626 5
1627 1
1628 4
1629 1
1630 2
1631 2
1632 2
1633 5
1634 4
1635 4
1636 6
1637 4
1638 5
1639 2
1640 1
1641 3
1642 0
1643 3
1644 0
1645 7
1646 2
1647 1
1648 0
1649 6
1650 5
1651 2
1652 4
1653 1
1654 4
1655 0
1656 3
1657 3
1658 2
1659 3
1660 2
1661 7
1662 5
1663 2
1664 5
1665 3
1666 5
1667 3
1668 0
1669 4
1670 6
1671 1
1672 1
1673 3
1674 4
1675 2
1676 0
1677 3
1678 3
1679 4
1680 1
1681 6
1682 3
1683 1
1684 1
1685 4
1686 3
1687 2
1688 3
1689 3
1690 5
1691 4
1692 1
1693 0
1694 6
1695 2
1696 2
1697 5
1698 4
1699 2
1700 2
1701 4
1702 3
1703 1
1704 2
1705 5
1706 3
1707 2
1708 4
1709 2
1710 2
1711 2
1712 0
1713 4
1714 6
1715 1
1716 2
1717 7
1718 3
1719 0
1720 3
1721 6
1722 2
1723 2
1724 2
1725 4
1726 3
1727 1
1728 2
1729 3
1730 3
1731 0
1732 0
1733 4
1734 2
1735 1
1736 2
1737 3
1738 5
1739 5
1740 3
1741 9
1742 4
1743 4
1744 4
1745 1
1746 4
1747 1
1748 0
1749 4
1750 4
1751 3
1752 2
1753 4
1754 3
1755 3
1756 2
1757 2
1758 7
1759 2
1760 1
1761 2
1762 2
1763 2
1764 0
1765 7
1766 1
1767 0
1768 1
1769 5
1770 1
1771 2
1772 3
1773 6
1774 6
1775 0
1776 0
1777 3
1778 1
1779 0
1780 8
1781 3
1782 3
1783 0
1784 1
1785 5
1786 1
1787 2
1788 4
1789 6
1790 1
1791 2
1792 1
1793 6
1794 3
1795 1
1796 4
1797 3
1798 6
1799 1
1800 3
1801 5
1802 5
1803 0
1804 3
1805 2
1806 2
1807 1
1808 0
1809 6
1810 8
1811 2
1812 0
1813 3
1814 6
1815 2
1816 1
1817 2
1818 6
1819 2
1820 4
1821 4
1822 4
1823 2
1824 0
1825 3
1826 2
1827 1
1828 0
1829 2
1830 1
1831 2
1832 2
1833 4
1834 2
1835 3
1836 0
1837 3
1838 1
1839 0
1840 1
1841 1
1842 3
1843 2
1844 2
1845 7
1846 2
1847 1
1848 2
1849 4
1850 4
1851 1
1852 5
1853 4
1854 6
1855 1
1856 4
1857 4
1858 2
1859 6
1860 0
1861 4
1862 4
1863 2
1864 3
1865 7
1866 3
1867 3
1868 0
1869 9
1870 3
1871 2
1872 2
1873 4
1874 2
1875 1
1876 1
1877 5
1878 3
1879 2
1880 0
1881 6
1882 2
1883 4
1884 0
1885 6
1886 1
1887 3
1888 2
1889 2
1890 5
1891 1
1892 3
1893 6
1894 3
1895 1
1896 2
1897 0
1898 6
1899 4
1900 1
1901 3
1902 3
1903 2
1904 2
1905 3
1906 7
1907 0
1908 0
1909 4
1910 6
1911 0
1912 1
1913 3
1914 2
1915 2
1916 1
1917 6
1918 3
1919 2
1920 3
1921 1
1922 4
1923 0
1924 4
1925 3
1926 4
1927 0
1928 4
1929 0
1930 4
1931 1
1932 0
1933 4
1934 2
1935 8
1936 0
1937 3
1938 0
1939 1
1940 3
1941 4
1942 2
1943 1
1944 3
1945 9
1946 1
1947 3
1948 5
1949 2
1950 5
1951 0
1952 3
1953 8
1954 8
1955 1
1956 3
1957 4
1958 3
1959 5
1960 3
1961 4
1962 5
1963 1
1964 0
1965 11
1966 6
1967 3
1968 3
1969 5
1970 0
1971 5
1972 5
1973 6
1974 0
1975 1
1976 0
1977 6
1978 1
1979 0
1980 1
1981 1
1982 2
1983 3
1984 1
1985 3
1986 1
1987 4
1988 1
1989 2
1990 4
1991 1
1992 1
1993 0
1994 5
1995 2
1996 2
1997 8
1998 5
1999 2
2000 2
2001 6
2002 9
2003 0
2004 4
2005 4
2006 3
2007 1
2008 2
2009 6
2010 3
2011 1
2012 3
2013 4
2014 2
2015 4
2016 0
2017 1
2018 7
2019 2
2020 1
2021 8
2022 2
2023 1
2024 1
2025 5
2026 6
2027 4
2028 0
2029 3
2030 2
2031 3
2032 2
2033 4
2034 7
2035 1
2036 0
2037 0
2038 4
2039 3
2040 5
2041 4
2042 2
2043 2
2044 1
2045 6
2046 3
2047 2
2048 3
2049 5
2050 3
2051 1
2052 3
2053 6
2054 1
2055 1
2056 2
2057 3
2058 3
2059 0
2060 1
2061 6
2062 4
2063 1
2064 6
2065 2
2066 3
2067 1
2068 2
2069 2
2070 5
2071 3
2072 2
2073 0
2074 3
2075 2
2076 1
2077 0
2078 8
2079 4
2080 3
2081 3
2082 2
2083 3
2084 0
2085 4
2086 7
2087 1
2088 2
2089 5
2090 0
2091 2
2092 3
2093 4
2094 5
2095 3
2096 2
2097 3
2098 0
2099 0
2100 0
2101 4
2102 6
2103 3
2104 1
2105 3
2106 3
2107 0
2108 4
2109 6
2110 1
2111 0
2112 4
2113 0
2114 4
2115 4
2116 0
2117 2
2118 6
2119 3
2120 0
2121 1
2122 1
2123 4
2124 0
2125 2
2126 2
2127 0
2128 5
2129 2
2130 1
2131 1
2132 4
2133 7
2134 6
2135 0
2136 0
2137 6
2138 2
2139 0
2140 1
2141 6
2142 2
2143 1
2144 1
2145 4
2146 4
2147 6
2148 6
2149 3
2150 6
2151 4
2152 2
2153 5
2154 3
2155 3
2156 4
2157 6
2158 1
2159 3
2160 0
2161 4
2162 5
2163 1
2164 3
2165 2
2166 0
2167 4
2168 1
2169 6
2170 1
2171 4
2172 3
2173 5
2174 6
2175 1
2176 4
2177 5
2178 10
2179 4
2180 4
2181 1
2182 0
2183 0
2184 4
2185 4
2186 8
2187 0
2188 0
2189 5
2190 3
2191 1
2192 1
2193 3
2194 6
2195 1
2196 4
2197 10
2198 6
2199 2
2200 0
2201 0
2202 1
2203 3
2204 1
2205 8
2206 5
2207 0
2208 1
2209 3
2210 1
2211 3
2212 4
2213 4
2214 4
2215 6
2216 2
2217 4
2218 5
2219 0
2220 2
2221 9
2222 5
2223 0
2224 0
2225 5
2226 2
2227 0
2228 1
2229 5
2230 0
2231 1
2232 2
2233 6
2234 7
2235 1
2236 2
2237 5
2238 1
2239 1
2240 3
2241 2
2242 7
2243 3
2244 2
2245 5
2246 4
2247 0
2248 2
2249 3
2250 7
2251 1
2252 0
2253 3
2254 2
2255 2
2256 1
2257 3
2258 4
2259 5
2260 3
2261 9
2262 10
2263 0
2264 5
2265 2
2266 2
2267 0
2268 1
2269 2
2270 2
2271 3
2272 3
2273 6
2274 9
2275 2
2276 0
2277 4
2278 5
2279 3
2280 2
2281 3
2282 6
2283 3
2284 0
2285 11
2286 5
2287 1
2288 2
2289 5
2290 4
2291 0
2292 0
2293 9
2294 0
2295 1
2296 1
2297 2
2298 0
2299 2
2300 1
2301 3
2302 4
2303 0
2304 0
2305 7
2306 0
2307 4
2308 2
2309 13
2310 3
2311 1
2312 3
2313 1
2314 3
2315 1
2316 1
2317 3
2318 8
2319 2
2320 3
2321 8
2322 3
2323 1
2324 3
2325 3
2326 1
2327 4
2328 0
2329 3
2330 3
2331 3
2332 6
2333 6
2334 1
2335 2
2336 4
2337 4
2338 1
2339 3
2340 0
2341 3
2342 2
2343 1
2344 1
2345 1
2346 3
2347 0
2348 3
2349 4
2350 3
2351 0
2352 1
2353 1
2354 5
2355 2
2356 0
2357 8
2358 5
2359 3
2360 0
2361 4
2362 2
2363 2
2364 3
2365 5
2366 7
2367 1
2368 2
2369 1
2370 3
2371 3
2372 1
2373 2
2374 7
2375 2
2376 2
2377 1
2378 0
2379 1
2380 1
2381 3
2382 2
2383 1
2384 4
2385 5
2386 6
2387 1
2388 2
2389 4
2390 5
2391 5
2392 4
2393 3
2394 4
2395 2
2396 2
2397 7
2398 5
2399 2
2400 3
2401 5
2402 4
2403 7
2404 0
2405 4
2406 1
2407 0
2408 3
2409 3
2410 3
2411 2
2412 1
2413 8
2414 1
2415 1
2416 1
2417 1
2418 8
2419 2
2420 2
2421 2
2422 0
2423 3
2424 4
2425 2
2426 2
2427 1
2428 1
2429 4
2430 4
2431 4
2432 4
2433 2
2434 5
2435 2
2436 3
2437 5
2438 2
2439 1
2440 3
2441 7
2442 0
2443 0
2444 2
2445 6
2446 4
2447 2
2448 2
2449 5
2450 3
2451 0
2452 1
2453 6
2454 5
2455 0
2456 2
2457 1
2458 5
2459 4
2460 7
2461 1
2462 1
2463 2
2464 5
2465 3
2466 2
2467 1
2468 0
2469 3
2470 6
2471 4
2472 0
2473 3
2474 5
2475 3
2476 1
2477 0
2478 5
2479 3
2480 5
2481 1
2482 1
2483 7
2484 2
2485 4
2486 1
2487 0
2488 1
2489 3
2490 3
2491 0
2492 2
2493 4
2494 3
2495 4
2496 2
2497 2
2498 2
2499 3
2500 0
2501 2
2502 2
2503 5
2504 0
2505 1
2506 1
2507 3
2508 1
2509 8
2510 2
2511 0
2512 5
2513 2
2514 3
2515 1
2516 4
2517 6
2518 2
2519 3
2520 6
2521 3
2522 4
2523 1
2524 1
2525 4
2526 2
2527 3
2528 0
2529 8
2530 3
2531 0
2532 2
2533 4
2534 8
2535 2
2536 3
2537 6
2538 3
2539 6
2540 1
2541 1
2542 1
2543 4
2544 0
2545 4
2546 0
2547 3
2548 3
2549 3
2550 1
2551 0
2552 5
2553 4
2554 2
2555 4
2556 4
2557 0
2558 3
2559 1
2560 6
2561 5
2562 5
2563 2
2564 0
2565 5
2566 6
2567 0
2568 0
2569 3
2570 2
2571 0
2572 1
2573 3
2574 3
2575 2
2576 5
2577 3
2578 7
2579 3
2580 1
2581 3
2582 4
2583 5
2584 2
2585 7
2586 5
2587 1
2588 1
2589 10
2590 2
2591 2
2592 5
2593 1
2594 2
2595 5
2596 1
2597 5
2598 7
2599 1
2600 5
2601 2
2602 2
2603 0
2604 0
2605 2
2606 3
2607 4
2608 1
2609 5
2610 3
2611 0
2612 4
2613 11
2614 1
2615 3
2616 0
2617 5
2618 5
2619 4
2620 3
2621 9
2622 2
2623 0
2624 2
2625 4
2626 6
2627 0
2628 0
2629 6
2630 4
2631 1
2632 3
2633 6
2634 0
2635 0
2636 1
2637 5
2638 10
2639 2
2640 2
2641 4
2642 0
2643 2
2644 2
2645 2
2646 2
2647 2
2648 0
2649 4
2650 7
2651 2
2652 2
2653 1
2654 8
2655 2
2656 2
2657 1
2658 3
2659 2
2660 1
2661 4
2662 4
2663 2
2664 0
2665 1
2666 8
2667 1
2668 4
2669 4
2670 0
2671 2
2672 5
2673 0
2674 1
2675 5
2676 4
2677 2
2678 4
2679 5
2680 2
2681 5
2682 1
2683 3
2684 4
2685 3
2686 5
2687 3
2688 0
2689 5
2690 11
2691 0
2692 4
2693 3
2694 4
2695 5
2696 2
2697 8
2698 3
2699 0
2700 5
2701 6
2702 3
2703 3
2704 3
2705 4
2706 1
2707 1
2708 1
2709 4
2710 2
2711 4
2712 3
2713 10
2714 2
2715 2
2716 0
2717 8
2718 1
2719 5
2720 1
2721 1
2722 1
2723 0
2724 5
2725 6
2726 5
2727 0
2728 1
2729 3
2730 2
2731 2
2732 4
2733 2
2734 2
2735 3
2736 1
2737 6
2738 3
2739 2
2740 1
2741 5
2742 3
2743 0
2744 0
2745 1
2746 3
2747 1
2748 0
2749 1
2750 1
2751 1
2752 6
2753 0
2754 2
2755 2
2756 0
2757 6
2758 5
2759 1
2760 4
2761 0
2762 3
2763 1
2764 0
2765 6
2766 4
2767 0
2768 4
2769 2
2770 2
2771 3
2772 3
2773 8
2774 1
2775 3
2776 2
2777 6
2778 6
2779 4
2780 2
2781 4
2782 2
2783 2
2784 2
2785 3
2786 2
2787 0
2788 0
2789 9
2790 2
2791 0
2792 1
2793 6
2794 3
2795 0
2796 1
2797 3
2798 4
2799 4
2800 1
2801 5
2802 1
2803 0
2804 1
2805 6
2806 6
2807 0
2808 5
2809 2
2810 4
2811 2
2812 2
2813 5
2814 3
2815 2
2816 3
2817 2
2818 8
2819 5
2820 2
2821 4
2822 0
2823 0
2824 0
2825 6
2826 1
2827 3
2828 6
2829 1
2830 3
2831 4
2832 3
2833 0
2834 5
2835 2
2836 2
2837 4
2838 3
2839 1
2840 3
2841 2
2842 3
2843 5
2844 2
2845 6
2846 8
2847 0
2848 0
2849 3
2850 1
2851 3
2852 2
2853 2
2854 0
2855 3
2856 0
2857 0
2858 4
2859 1
2860 2
2861 3
2862 3
2863 2
2864 0
2865 3
2866 1
2867 3
2868 0
2869 10
2870 4
2871 0
2872 2
2873 3
2874 1
2875 0
2876 2
2877 2
2878 3
2879 0
2880 2
2881 2
2882 1
2883 0
2884 2
2885 5
2886 2
2887 2
2888 0
2889 2
2890 3
2891 2
2892 1
2893 4
2894 3
2895 1
2896 3
2897 6
2898 6
2899 2
2900 1
2901 5
2902 3
2903 4
2904 2
2905 3
2906 0
2907 7
2908 3
2909 8
2910 3
2911 2
2912 3
2913 6
2914 3
2915 0
2916 5
2917 3
2918 4
2919 2
2920 0
2921 5
2922 2
2923 3
2924 2
2925 7
2926 2
2927 2
2928 1
2929 4
2930 2
2931 2
2932 5
2933 1
2934 3
2935 2
2936 4
2937 7
2938 5
2939 0
2940 2
2941 3
2942 2
2943 2
2944 1
2945 4
2946 5
2947 0
2948 0
2949 3
2950 6
2951 1
2952 2
2953 2
2954 3
2955 2
2956 1
2957 5
2958 1
2959 3
2960 1
2961 2
2962 4
2963 2
2964 1
2965 5
2966 2
2967 0
2968 3
2969 6
2970 6
2971 2
2972 3
2973 1
2974 3
2975 1
2976 2
2977 1
2978 0
2979 0
2980 0
2981 6
2982 1
2983 2
2984 2
2985 5
2986 1
2987 2
2988 1
2989 5
2990 0
2991 1
2992 1
2993 5
2994 3
2995 0
2996 0
2997 3
2998 3
2999 2
3000 0
3001 2
3002 3
3003 0
3004 3
3005 2
3006 0
3007 5
3008 1
3009 0
3010 2
3011 2
3012 2
3013 5
3014 4
3015 3
3016 3
3017 2
3018 6
3019 1
3020 4
3021 6
3022 3
3023 3
3024 2
3025 3
3026 6
3027 1
3028 4
3029 7
3030 2
3031 1
3032 5
3033 0
3034 6
3035 5
3036 0
3037 3
3038 2
3039 0
3040 2
3041 3
3042 1
3043 2
3044 1
3045 4
3046 3
3047 0
3048 1
3049 4
3050 4
3051 1
3052 2
3053 5
3054 4
3055 3
3056 4
3057 6
3058 4
3059 4
3060 1
3061 5
3062 1
3063 1
3064 1
3065 8
3066 0
3067 4
3068 2
3069 7
3070 3
3071 2
3072 1
3073 4
3074 6
3075 1
3076 2
3077 1
3078 3
3079 3
3080 3
3081 4
3082 2
3083 1
3084 2
3085 8
3086 5
3087 1
3088 6
3089 4
3090 5
3091 5
3092 1
3093 4
3094 1
3095 2
3096 3
3097 3
3098 4
3099 2
3100 4
3101 6
3102 5
3103 2
3104 2
3105 2
3106 0
3107 2
3108 4
3109 3
3110 6
3111 2
3112 2
3113 2
3114 1
3115 4
3116 1
3117 3
3118 5
3119 1
3120 1
3121 3
3122 4
3123 0
3124 3
3125 8
3126 3
3127 2
3128 3
3129 1
3130 7
3131 0
3132 0
3133 0
3134 2
3135 3
3136 6
3137 4
3138 6
3139 3
3140 0
3141 6
3142 7
3143 2
3144 4
3145 5
3146 1
3147 2
3148 1
3149 2
3150 7
3151 1
3152 0
3153 6
3154 4
3155 3
3156 3
3157 0
3158 2
3159 3
3160 2
3161 6
3162 3
3163 2
3164 1
3165 2
3166 0
3167 0
3168 5
3169 1
3170 3
3171 3
3172 2
3173 8
3174 2
3175 3
3176 0
3177 3
3178 1
3179 3
3180 0
3181 5
3182 1
3183 0
3184 0
3185 3
3186 0
3187 0
3188 2
3189 5
3190 4
3191 2
3192 0
3193 0
3194 5
3195 0
3196 1
3197 7
3198 5
3199 0
3200 1
3201 0
3202 2
3203 1
3204 4
3205 4
3206 5
3207 1
3208 1
3209 2
3210 6
3211 2
3212 3
3213 7
3214 3
3215 2
3216 0
3217 4
3218 4
3219 0
3220 3
3221 7
3222 4
3223 3
3224 3
3225 1
3226 3
3227 5
3228 1
3229 3
3230 2
3231 1
3232 3
3233 3
3234 3
3235 2
3236 2
3237 3
3238 5
3239 2
3240 0
3241 4
3242 3
3243 0
3244 2
3245 7
3246 4
3247 3
3248 3
3249 4
3250 1
3251 4
3252 0
3253 5
3254 4
3255 2
3256 2
3257 3
3258 2
3259 0
3260 0
3261 4
3262 4
3263 0
3264 6
3265 4
3266 1
3267 1
3268 2
3269 4
3270 7
3271 0
3272 2
3273 2
3274 1
3275 2
3276 0
3277 2
3278 1
3279 2
3280 1
3281 4
3282 3
3283 3
3284 3
3285 6
3286 1
3287 3
3288 0
3289 1
3290 2
3291 4
3292 3
3293 1
3294 2
3295 0
3296 0
3297 2
3298 5
3299 2
3300 1
3301 5
3302 1
3303 1
3304 3
3305 3
3306 5
3307 1
3308 1
3309 11
3310 3
3311 1
3312 2
3313 4
3314 4
3315 2
3316 1
3317 3
3318 2
3319 3
3320 2
3321 7
3322 0
3323 0
3324 0
3325 4
3326 4
3327 2
3328 1
3329 0
3330 2
3331 4
3332 1
3333 7
3334 4
3335 0
3336 1
3337 4
3338 2
3339 6
3340 2
3341 3
3342 4
3343 3
3344 3
3345 4
3346 1
3347 0
3348 0
3349 2
3350 2
3351 4
3352 1
3353 3
3354 3
3355 0
3356 0
3357 7
3358 2
3359 3
3360 3
3361 1
3362 4
3363 0
3364 2
3365 4
3366 4
3367 1
3368 0
3369 3
3370 4
3371 2
3372 2
3373 3
3374 3
3375 1
3376 3
3377 6
3378 3
3379 2
3380 0
3381 1
3382 3
3383 1
3384 0
3385 4
3386 1
3387 1
3388 1
3389 2
3390 5
3391 2
3392 1
3393 2
3394 3
3395 0
3396 1
3397 5
3398 4
3399 0
3400 0
3401 4
3402 3
3403 1
3404 1
3405 1
3406 3
3407 8
3408 4
3409 2
3410 4
3411 3
3412 1
3413 6
3414 7
3415 1
3416 3
3417 3
3418 4
3419 0
3420 0
3421 2
3422 5
3423 1
3424 2
3425 4
3426 1
3427 0
3428 0
3429 4
3430 4
3431 3
3432 1
3433 6
3434 1
3435 1
3436 0
3437 2
3438 3
3439 1
3440 0
3441 6
3442 3
3443 3
3444 3
3445 2
3446 5
3447 1
3448 4
3449 3
3450 1
3451 1
3452 4
3453 5
3454 3
3455 2
3456 1
3457 4
3458 4
3459 2
3460 3
3461 8
3462 2
3463 1
3464 4
3465 3
3466 0
3467 0
3468 3
3469 4
3470 2
3471 3
3472 3
3473 2
3474 5
3475 0
3476 2
3477 3
3478 2
3479 2
3480 0
3481 4
3482 2
3483 0
3484 3
3485 3
3486 1
3487 3
3488 0
3489 3
3490 1
3491 4
3492 0
3493 2
3494 1
3495 0
3496 1
3497 3
3498 2
3499 4
3500 2
3501 3
3502 4
3503 7
3504 2
3505 6
3506 5
3507 1
3508 0
3509 9
3510 0
3511 3
3512 0
3513 2
3514 3
3515 1
3516 3
3517 6
3518 3
3519 1
3520 3
3521 5
3522 1
3523 3
3524 2
3525 3
3526 2
3527 5
3528 4
3529 1
3530 3
3531 0
3532 0
3533 8
3534 5
3535 0
3536 2
3537 7
3538 4
3539 0
3540 0
3541 4
3542 3
3543 0
3544 2
3545 2
3546 2
3547 4
3548 2
3549 7
3550 5
3551 1
3552 2
3553 2
3554 4
3555 2
3556 0
3557 4
3558 3
3559 3
3560 0
3561 0
3562 6
3563 2
3564 5
3565 0
3566 2
3567 2
3568 2
3569 3
3570 5
3571 0
3572 0
3573 2
3574 1
3575 0
3576 1
3577 1
3578 2
3579 0
3580 0
3581 1
3582 3
3583 0
3584 2
3585 6
3586 3
3587 1
3588 0
3589 4
3590 2
3591 1
3592 5
3593 3
3594 2
3595 1
3596 4
3597 0
3598 6
3599 2
3600 2
3601 2
3602 6
3603 2
3604 0
3605 5
3606 5
3607 2
3608 0
3609 9
3610 2
3611 5
3612 0
3613 5
3614 5
3615 0
3616 1
3617 2
3618 4
3619 0
3620 3
3621 6
3622 6
3623 0
3624 2
3625 3
3626 0
3627 5
3628 2
3629 5
3630 4
3631 2
3632 2
3633 3
3634 4
3635 2
3636 2
3637 11
3638 2
3639 0
3640 4
3641 4
3642 3
3643 1
3644 2
3645 5
3646 4
3647 0
3648 2
3649 5
3650 5
3651 3
3652 0
3653 4
3654 6
3655 2
3656 2
3657 5
3658 7
3659 4
3660 3
3661 5
3662 2
3663 2
3664 0
3665 4
3666 3
3667 1
3668 1
3669 3
3670 4
3671 0
3672 1
3673 2
3674 4
3675 3
3676 3
3677 6
3678 4
3679 4
3680 1
3681 4
3682 1
3683 2
3684 1
3685 3
3686 5
3687 2
3688 4
3689 2
3690 0
3691 2
3692 1
3693 3
3694 2
3695 0
3696 1
3697 4
3698 3
3699 5
3700 1
3701 4
3702 4
3703 1
3704 3
3705 7
3706 1
3707 2
3708 3
3709 4
3710 4
3711 4
3712 0
3713 4
3714 6
3715 1
3716 3
3717 0
3718 2
3719 2
3720 4
3721 4
3722 3
3723 1
3724 4
3725 2
3726 0
3727 4
3728 3
3729 4
3730 2
3731 0
3732 0
3733 4
3734 2
3735 0
3736 4
3737 1
3738 3
3739 0
3740 0
3741 9
3742 2
3743 4
3744 2
3745 8
3746 4
3747 3
3748 1
3749 6
3750 5
3751 1
3752 1
3753 3
3754 6
3755 1
3756 1
3757 3
3758 3
3759 0
3760 1
3761 5
3762 3
3763 3
3764 4
3765 8
3766 3
3767 0
3768 3
3769 4
3770 2
3771 1
3772 5
3773 5
3774 2
3775 0
3776 1
3777 4
3778 2
3779 3
3780 2
3781 7
3782 4
3783 2
3784 1
3785 7
3786 3
3787 0
3788 4
3789 2
3790 3
3791 1
3792 2
3793 3
3794 2
3795 2
3796 2
3797 7
3798 4
3799 1
3800 1
3801 3
3802 5
3803 2
3804 1
3805 4
3806 5
3807 3
3808 3
3809 8
3810 2
3811 0
3812 1
3813 3
3814 4
3815 0
3816 0
3817 2
3818 1
3819 4
3820 3
3821 8
3822 1
3823 3
3824 3
3825 0
3826 4
3827 0
3828 4
3829 4
3830 4
3831 0
3832 0
3833 4
3834 6
3835 1
3836 1
3837 4
3838 4
3839 3
3840 0
3841 3
3842 5
3843 2
3844 0
3845 5
3846 2
3847 4
3848 1
3849 2
3850 5
3851 0
3852 1
3853 6
3854 7
3855 2
3856 1
3857 5
3858 1
3859 0
3860 3
3861 10
3862 2
3863 4
3864 0
3865 5
3866 2
3867 1
3868 1
3869 5
3870 2
3871 0
3872 2
3873 2
3874 3
3875 0
3876 1
3877 4
3878 3
3879 1
3880 1
3881 3
3882 3
3883 0
3884 3
3885 5
3886 5
3887 0
3888 3
3889 1
3890 4
3891 5
3892 0
3893 1
3894 5
3895 0
3896 1
3897 1
3898 5
3899 1
3900 1
3901 0
3902 5
3903 1
3904 3
3905 3
3906 3
3907 4
3908 3
3909 1
3910 2
3911 4
3912 1
3913 1
3914 1
3915 3
3916 2
3917 3
3918 3
3919 3
3920 2
3921 3
3922 4
3923 2
3924 0
3925 7
3926 4
3927 3
3928 4
3929 5
3930 3
3931 0
3932 6
3933 4
3934 3
3935 0
3936 2
3937 5
3938 7
3939 0
3940 1
3941 6
3942 3
3943 0
3944 5
3945 5
3946 0
3947 4
3948 0
3949 3
3950 2
3951 0
3952 0
3953 4
3954 2
3955 0
3956 2
3957 10
3958 1
3959 0
3960 4
3961 5
3962 4
3963 0
3964 1
3965 2
3966 4
3967 2
3968 3
3969 4
3970 2
3971 0
3972 3
3973 3
3974 1
3975 3
3976 1
3977 1
3978 0
3979 2
3980 2
3981 9
3982 4
3983 2
3984 3
3985 4
3986 7
3987 0
3988 4
3989 5
3990 0
3991 2
3992 2
3993 4
3994 2
3995 0
3996 2
3997 6
3998 7
3999 2
4000 1
4001 5
4002 5
4003 0
4004 0
4005 5
4006 3
4007 0
4008 1
4009 4
4010 1
4011 0
4012 4
4013 6
4014 4
4015 2
4016 2
4017 3
4018 4
4019 2
4020 2
4021 9
4022 3
4023 5
4024 3
4025 6
4026 3
4027 0
4028 2
4029 0
4030 0
4031 0
4032 2
4033 4
4034 1
4035 1
4036 6
4037 5
4038 2
4039 0
4040 0
4041 1
4042 7
4043 2
4044 1
4045 8
4046 2
4047 3
4048 2
4049 6
4050 3
4051 3
4052 3
4053 13
4054 6
4055 5
4056 3
4057 8
4058 4
4059 0
4060 2
4061 8
4062 0
4063 1
4064 1
4065 2
4066 2
4067 1
4068 6
4069 1
4070 2
4071 2
4072 1
4073 6
4074 3
4075 5
4076 3
4077 5
4078 2
4079 2
4080 2
4081 7
4082 1
4083 0
4084 1
4085 9
4086 6
4087 0
4088 5
4089 1
4090 1
4091 1
4092 0
4093 5
4094 3
4095 3
4096 0
4097 1
4098 2
4099 0
4100 2
4101 5
4102 4
4103 7
4104 0
4105 5
4106 6
4107 4
4108 1
4109 4
4110 0
4111 1
4112 0
4113 2
4114 4
4115 4
4116 3
4117 2
4118 1
4119 4
4120 1
4121 2
4122 2
4123 0
4124 2
4125 1
4126 5
4127 4
4128 1
4129 8
4130 2
4131 2
4132 2
4133 4
4134 3
4135 3
4136 2
4137 3
4138 3
4139 1
4140 0
4141 4
4142 2
4143 0
4144 0
4145 6
4146 5
4147 2
4148 2
4149 4
4150 1
4151 0
4152 4
4153 7
4154 6
4155 5
4156 5
4157 3
4158 2
4159 3
4160 0
4161 2
4162 5
4163 0
4164 1
4165 6
4166 4
4167 1
4168 1
4169 3
4170 4
4171 1
4172 3
4173 3
4174 5
4175 5
4176 6
4177 4
4178 2
4179 2
4180 4
4181 8
4182 6
4183 4
4184 1
4185 1
4186 4
4187 3
4188 2
4189 5
4190 2
4191 2
4192 0
4193 6
4194 3
4195 1
4196 0
4197 1
4198 2
4199 1
4200 2
4201 6
4202 5
4203 0
4204 2
4205 2
4206 2
4207 0
4208 2
4209 3
4210 9
4211 5
4212 5
4213 1
4214 3
4215 1
4216 6
4217 3
4218 1
4219 2
4220 3
4221 10
4222 3
4223 2
4224 3
4225 0
4226 0
4227 1
4228 1
4229 8
4230 3
4231 1
4232 3
4233 3
4234 4
4235 1
4236 1
4237 2
4238 1
4239 3
4240 1
4241 3
4242 6
4243 1
4244 2
4245 6
4246 5
4247 5
4248 1
4249 4
4250 8
4251 1
4252 0
4253 4
4254 4
4255 4
4256 1
4257 10
4258 3
4259 1
4260 1
4261 6
4262 1
4263 1
4264 5
4265 2
4266 4
4267 2
4268 3
4269 8
4270 0
4271 1
4272 1
4273 1
4274 1
4275 2
4276 1
4277 9
4278 3
4279 8
4280 1
4281 3
4282 1
4283 0
4284 2
4285 1
4286 1
4287 1
4288 0
4289 5
4290 1
4291 3
4292 0
4293 5
4294 6
4295 0
4296 3
4297 0
4298 0
4299 3
4300 2
4301 4
4302 3
4303 0
4304 1
4305 4
4306 5
4307 1
4308 2
4309 4
4310 8
4311 1
4312 1
4313 2
4314 0
4315 0
4316 4
4317 3
4318 4
4319 2
4320 0
4321 6
4322 4
4323 1
4324 1
4325 1
4326 6
4327 0
4328 7
4329 2
4330 0
4331 3
4332 1
4333 5
4334 6
4335 2
4336 5
4337 4
4338 6
4339 3
4340 1
4341 5
4342 5
4343 3
4344 2
4345 5
4346 1
4347 1
4348 1
4349 4
4350 3
4351 0
4352 10
4353 2
4354 8
4355 2
4356 4
4357 3
4358 2
4359 3
4360 3
4361 1
4362 2
4363 2
4364 0
4365 7
4366 2
4367 0
4368 0
4369 5
4370 4
4371 2
4372 5
4373 9
4374 1
4375 2
4376 6
4377 2
4378 3
4379 0
4380 3
4381 3
4382 0
4383 2
4384 2
4385 1
4386 1
4387 2
4388 6
4389 5
4390 5
4391 3
4392 4
4393 1
4394 1
4395 2
4396 1
4397 2
4398 5
4399 2
4400 2
4401 3
4402 2
4403 2
4404 1
4405 9
4406 4
4407 2
4408 3
4409 1
4410 1
4411 0
4412 5
4413 6
4414 10
4415 5
4416 5
4417 0
4418 3
4419 0
4420 0
4421 2
4422 7
4423 1
4424 2
4425 2
4426 6
4427 0
4428 0
4429 1
4430 1
4431 2
4432 4
4433 2
4434 3
4435 1
4436 4
4437 4
4438 0
4439 3
4440 2
4441 6
4442 4
4443 0
4444 4
4445 1
4446 4
4447 4
4448 1
4449 3
4450 0
4451 4
4452 1
4453 7
4454 0
4455 1
4456 1
4457 7
4458 2
4459 2
4460 0
4461 5
4462 4
4463 1
4464 2
4465 2
4466 8
4467 3
4468 2
4469 1
4470 5
4471 1
4472 1
4473 4
4474 2
4475 2
4476 0
4477 5
4478 5
4479 0
4480 3
4481 3
4482 5
4483 2
4484 3
4485 4
4486 5
4487 2
4488 1
4489 5
4490 2
4491 3
4492 3
4493 1
4494 4
4495 0
4496 2
4497 6
4498 4
4499 0
4500 3
4501 6
4502 3
4503 3
4504 4
4505 1
4506 1
4507 2
4508 0
4509 3
4510 2
4511 0
4512 2
4513 1
4514 5
4515 0
4516 2
4517 4
4518 6
4519 3
4520 1
4521 3
4522 2
4523 3
4524 3
4525 1
4526 1
4527 1
4528 3
4529 0
4530 0
4531 2
4532 1
4533 5
4534 2
4535 0
4536 0
4537 4
4538 1
4539 3
4540 5
4541 6
4542 4
4543 4
4544 3
4545 1
4546 4
4547 0
4548 2
4549 1
4550 7
4551 2
4552 4
4553 1
4554 2
4555 2
4556 1
4557 4
4558 1
4559 2
4560 4
4561 5
4562 2
4563 0
4564 0
4565 2
4566 7
4567 0
4568 1
4569 2
4570 0
4571 0
4572 0
4573 5
4574 2
4575 1
4576 1
4577 3
4578 5
4579 3
4580 1
4581 6
4582 4
4583 3
4584 5
4585 6
4586 2
4587 3
4588 1
4589 5
4590 7
4591 5
4592 1
4593 2
4594 2
4595 2
4596 1
4597 6
4598 2
4599 0
4600 4
4601 1
4602 4
4603 4
4604 1
4605 2
4606 6
4607 0
4608 1
4609 0
4610 3
4611 0
4612 1
4613 5
4614 3
4615 3
4616 2
4617 2
4618 6
4619 3
4620 3
4621 9
4622 3
4623 1
4624 4
4625 3
4626 4
4627 1
4628 0
4629 5
4630 1
4631 2
4632 3
4633 0
4634 1
4635 4
4636 1
4637 5
4638 7
4639 3
4640 2
4641 3
4642 0
4643 0
4644 1
4645 4
4646 3
4647 0
4648 1
4649 5
4650 1
4651 2
4652 2
4653 2
4654 3
4655 2
4656 0
4657 1
4658 2
4659 2
4660 7
4661 5
4662 5
4663 0
4664 1
4665 1
4666 2
4667 2
4668 1
4669 3
4670 3
4671 2
4672 0
4673 6
4674 3
4675 0
4676 0
4677 3
4678 4
4679 0
4680 1
4681 4
4682 7
4683 4
4684 1
4685 4
4686 4
4687 0
4688 1
4689 3
4690 6
4691 5
4692 0
4693 4
4694 1
4695 2
4696 1
4697 5
4698 3
4699 0
4700 1
4701 3
4702 3
4703 5
4704 3
4705 0
4706 4
4707 4
4708 2
4709 3
4710 6
4711 1
4712 2
4713 1
4714 4
4715 1
4716 1
4717 8
4718 2
4719 0
4720 3
4721 3
4722 4
4723 5
4724 3
4725 11
4726 8
4727 2
4728 2
4729 2
4730 3
4731 4
4732 0
4733 3
4734 9
4735 3
4736 0
4737 3
4738 6
4739 2
4740 4
4741 3
4742 3
4743 1
4744 2
4745 6
4746 2
4747 0
4748 2
4749 3
4750 4
4751 3
4752 3
4753 1
4754 2
4755 2
4756 1
4757 5
4758 5
4759 2
4760 3
4761 8
4762 6
4763 1
4764 1
4765 4
4766 3
4767 2
4768 3
4769 5
4770 2
4771 2
4772 2
4773 7
4774 4
4775 2
4776 1
4777 1
4778 2
4779 3
4780 6
4781 3
4782 3
4783 0
4784 3
4785 2
4786 3
4787 1
4788 0
4789 4
4790 3
4791 1
4792 0
4793 2
4794 3
4795 1
4796 2
4797 1
4798 1
4799 4
4800 3
4801 5
4802 1
4803 2
4804 5
4805 4
4806 2
4807 4
4808 5
4809 5
4810 3
4811 3
4812 3
4813 2
4814 4
4815 2
4816 1
4817 0
4818 3
4819 2
4820 1
4821 9
4822 6
4823 3
4824 0
4825 5
4826 4
4827 2
4828 0
4829 4
4830 4
4831 0
4832 3
4833 7
4834 3
4835 0
4836 2
4837 5
4838 3
4839 1
4840 2
4841 3
4842 4
4843 2
4844 0
4845 4
4846 7
4847 1
4848 0
4849 6
4850 1
4851 3
4852 1
4853 7
4854 0
4855 1
4856 2
4857 5
4858 8
4859 1
4860 1
4861 2
4862 4
4863 4
4864 3
4865 4
4866 4
4867 2
4868 0
4869 11
4870 4
4871 5
4872 3
4873 1
4874 1
4875 0
4876 3
4877 7
4878 8
4879 1
4880 1
4881 7
4882 6
4883 1
4884 2
4885 6
4886 2
4887 0
4888 2
4889 5
4890 1
4891 3
4892 10
4893 4
4894 6
4895 1
4896 1
4897 2
4898 3
4899 3
4900 3
4901 2
4902 6
4903 3
4904 3
4905 5
4906 3
4907 6
4908 0
4909 7
4910 7
4911 0
4912 0
4913 3
4914 3
4915 0
4916 2
4917 2
4918 5
4919 2
4920 4
4921 4
4922 4
4923 1
4924 2
4925 5
4926 3
4927 1
4928 4
4929 3
4930 2
4931 1
4932 5
4933 4
4934 2
4935 2
4936 2
4937 3
4938 6
4939 1
4940 2
4941 2
4942 4
4943 4
4944 5
4945 4
4946 7
4947 1
4948 0
4949 5
4950 6
4951 4
4952 1
4953 2
4954 3
4955 5
4956 3
4957 3
4958 2
4959 2
4960 0
4961 3
4962 3
4963 3
4964 0
4965 3
4966 3
4967 1
4968 1
4969 8
4970 5
4971 0
4972 1
4973 14
4974 4
4975 0
4976 3
4977 6
4978 4
4979 3
4980 3
4981 6
4982 5
4983 3
4984 0
4985 3
4986 5
4987 3
4988 0
4989 4
4990 1
4991 3
4992 5
4993 3
4994 2
4995 2
4996 0
4997 4
4998 1
4999 5
