0 1
1 2
2 3
3 4
4 0
5 1
6 0
7 1
8 1
9 2
10 1
11 0
12 0
13 0
14 0
15 1
16 3
17 1
18 0
19 1
20 0
21 0
22 0
23 0
24 0
25 3
26 3
27 2
28 0
29 0
30 0
31 0
32 3
33 3
34 5
35 5
36 4
37 2
38 2
39 3
40 0
41 0
42 3
43 6
44 0
45 3
46 2
47 0
48 0
49 3
50 0
51 0
52 1
53 0
54 0
55 0
56 9
57 4
58 6
59 5
60 4
61 0
62 4
63 2
64 17
65 27
66 22
67 26
68 19
69 18
70 18
71 17
72 14
73 18
74 20
75 7
76 15
77 12
78 16
79 21
80 11
81 13
82 10
83 19
84 12
85 13
86 12
87 17
88 7
89 11
90 16
91 12
92 14
93 7
94 7
95 8
96 3
97 0
98 0
99 2
100 0
101 2
102 3
103 3
104 0
105 2
106 2
107 1
108 0
109 0
110 0
111 5
112 5
113 0
114 2
115 6
116 2
117 1
118 4
119 2
120 5
121 0
122 0
123 3
124 2
125 1
126 3
127 2
128 2
129 2
130 0
131 1
132 0
133 0
134 1
135 1
136 5
137 0
138 1
139 4
140 0
141 0
142 1
143 1
144 0
145 3
146 5
147 1
148 0
149 1
150 1
151 0
152 0
153 1
154 1
155 0
156 0
157 1
158 0
159 2
160 0
161 0
162 0
163 0
164 0
165 1
166 0
167 0
168 2
169 0
170 0
171 0
172 0
173 1
174 0
175 0
176 1
177 1
178 5
179 1
180 1
181 0
182 2
183 0
184 1
185 1
186 1
187 0
188 1
189 1
190 0
191 0
192 3
193 0
194 3
195 1
196 1
197 0
198 3
199 1
200 1
201 0
202 1
203 8
204 1
205 0
206 0
207 1
208 2
209 6
210 3
211 6
212 0
213 3
214 0
215 0
216 1
217 3
218 1
219 0
220 0
221 0
222 0
223 0
224 0
225 1
226 5
227 0
228 1
229 0
230 0
231 0
232 8
233 0
234 9
235 4
236 2
237 2
238 1
239 2
240 0
241 1
242 0
243 0
244 0
245 0
246 0
247 0
248 0
249 0
250 2
251 3
252 0
253 0
254 0
255 1
256 2
257 1
258 2
259 1
260 1
261 0
262 1
263 0
264 0
265 2
266 1
267 1
268 1
269 0
270 0
271 0
272 1
273 0
274 1
275 0
276 0
277 0
278 1
279 0
280 0
281 0
282 1
283 0
284 0
285 1
286 1
287 2
288 11
289 0
290 7
291 6
292 0
293 8
294 4
295 6
296 1
297 3
298 7
299 6
300 4
301 4
302 5
303 7
304 15
305 8
306 7
307 3
308 5
309 4
310 2
311 2
312 7
313 8
314 10
315 5
316 4
317 2
318 0
319 4
320 2
321 0
322 4
323 6
324 1
325 4
326 0
327 3
328 0
329 1
330 0
331 2
332 0
333 0
334 2
335 0
336 1
337 0
338 0
339 1
340 1
341 0
342 0
343 1
344 2
345 1
346 1
347 2
348 1
349 3
350 0
351 0
352 5
353 6
354 3
355 4
356 3
357 2
358 1
359 0
360 4
361 3
362 3
363 0
364 0
365 1
366 2
367 2
368 3
369 1
370 4
371 4
372 3
373 1
374 1
375 3
376 1
377 3
378 3
379 3
380 0
381 1
382 0
383 1
384 0
385 0
386 0
387 1
388 0
389 0
390 0
391 1
392 4
393 4
394 0
395 0
396 0
397 0
398 0
399 1
400 0
401 0
402 2
403 2
404 0
405 0
406 0
407 0
408 8
409 9
410 9
411 10
412 10
413 8
414 12
415 7
416 7
417 9
418 9
419 10
420 4
421 7
422 12
423 7
424 8
425 7
426 8
427 14
428 5
429 10
430 8
431 2
432 7
433 5
434 6
435 8
436 9
437 3
438 0
439 7
440 4
441 0
442 3
443 0
444 0
445 1
446 0
447 0
448 2
449 0
450 1
451 2
452 0
453 1
454 0
455 0
456 2
457 0
458 3
459 5
460 1
461 0
462 0
463 0
464 1
465 0
466 3
467 2
468 0
469 0
470 0
471 1
472 0
473 0
474 2
475 2
476 3
477 1
478 0
479 0
480 4
481 0
482 5
483 1
484 0
485 0
486 0
487 0
488 0
489 1
490 0
491 1
492 0
493 1
494 0
495 0
496 1
497 0
498 0
499 1
500 0
501 0
502 0
503 0
504 0
505 1
506 1
507 1
508 0
509 0
510 2
511 0
512 1
513 0
514 0
515 1
516 0
517 0
518 1
519 0
520 6
521 8
522 5
523 7
524 6
525 6
526 3
527 2
528 7
529 7
530 10
531 8
532 7
533 2
534 7
535 9
536 8
537 3
538 9
539 6
540 11
541 9
542 9
543 3
544 6
545 7
546 6
547 10
548 6
549 10
550 3
551 6
552 3
553 2
554 9
555 3
556 2
557 6
558 2
559 1
560 0
561 0
562 1
563 1
564 0
565 0
566 0
567 1
568 0
569 3
570 1
571 2
572 0
573 1
574 1
575 0
576 0
577 1
578 3
579 2
580 3
581 1
582 2
583 1
584 5
585 0
586 3
587 0
588 3
589 1
590 1
591 2
592 2
593 3
594 0
595 3
596 1
597 4
598 4
599 1
600 3
601 2
602 1
603 3
604 0
605 1
606 3
607 2
608 1
609 2
610 1
611 2
612 0
613 0
614 3
615 2
616 4
617 1
618 3
619 0
620 1
621 3
622 0
623 1
624 3
625 1
626 1
627 0
628 0
629 0
630 0
631 0
632 0
633 0
634 4
635 0
636 0
637 1
638 0
639 0
640 2
641 2
642 13
643 6
644 2
645 0
646 4
647 1
648 1
649 2
650 1
651 3
652 0
653 0
654 3
655 3
656 6
657 8
658 6
659 5
660 11
661 4
662 6
663 5
664 5
665 3
666 6
667 5
668 2
669 1
670 2
671 3
672 0
673 0
674 0
675 2
676 1
677 0
678 0
679 0
680 0
681 0
682 0
683 0
684 0
685 1
686 0
687 2
688 0
689 1
690 3
691 4
692 0
693 0
694 0
695 1
696 2
697 4
698 0
699 6
700 1
701 4
702 2
703 2
704 3
705 1
706 2
707 2
708 1
709 2
710 2
711 1
712 2
713 0
714 3
715 1
716 1
717 0
718 1
719 0
720 1
721 0
722 2
723 2
724 1
725 3
726 2
727 0
728 0
729 1
730 2
731 3
732 0
733 0
734 0
735 0
736 4
737 2
738 0
739 0
740 1
741 1
742 0
743 0
744 0
745 2
746 0
747 1
748 1
749 1
750 1
751 0
752 16
753 14
754 15
755 15
756 9
757 9
758 9
759 13
760 5
761 13
762 19
763 12
764 11
765 19
766 6
767 13
768 14
769 17
770 18
771 11
772 13
773 13
774 18
775 13
776 7
777 9
778 12
779 6
780 7
781 9
782 8
783 4
784 6
785 4
786 10
787 9
788 4
789 2
790 2
791 4
792 0
793 0
794 3
795 0
796 0
797 2
798 3
799 0
800 0
801 1
802 2
803 1
804 1
805 0
806 0
807 0
808 1
809 4
810 1
811 3
812 5
813 0
814 1
815 1
816 1
817 7
818 4
819 5
820 1
821 0
822 3
823 5
824 6
825 0
826 2
827 4
828 2
829 1
830 0
831 1
832 3
833 1
834 1
835 1
836 0
837 1
838 3
839 2
840 7
841 2
842 4
843 8
844 3
845 5
846 4
847 2
848 5
849 2
850 3
851 2
852 2
853 2
854 0
855 5
856 0
857 0
858 0
859 0
860 1
861 0
862 2
863 1
864 0
865 0
866 1
867 1
868 1
869 1
870 1
871 0
872 15
873 16
874 19
875 16
876 14
877 12
878 19
879 18
880 14
881 12
882 15
883 12
884 18
885 14
886 17
887 11
888 15
889 12
890 12
891 19
892 14
893 11
894 5
895 13
896 14
897 14
898 6
899 14
900 9
901 6
902 11
903 6
904 2
905 3
906 3
907 0
908 0
909 1
910 3
911 0
912 4
913 0
914 0
915 3
916 0
917 2
918 2
919 0
920 1
921 0
922 1
923 4
924 0
925 4
926 0
927 0
928 1
929 3
930 9
931 7
932 2
933 0
934 3
935 0
936 2
937 1
938 6
939 4
940 0
941 6
942 0
943 5
944 0
945 3
946 2
947 3
948 1
949 0
950 0
951 1
952 0
953 2
954 1
955 2
956 1
957 0
958 0
959 0
960 6
961 8
962 3
963 11
964 1
965 2
966 3
967 2
968 1
969 1
970 4
971 3
972 1
973 0
974 0
975 2
976 0
977 0
978 3
979 1
980 0
981 0
982 1
983 1
984 2
985 5
986 3
987 5
988 7
989 2
990 1
991 2
992 9
993 16
994 15
995 20
996 10
997 15
998 8
999 5
1000 15
1001 9
1002 6
1003 7
1004 7
1005 6
1006 8
1007 7
1008 13
1009 10
1010 14
1011 10
1012 12
1013 13
1014 9
1015 10
1016 6
1017 7
1018 7
1019 7
1020 2
1021 9
1022 5
1023 3
1024 0
1025 0
1026 0
1027 0
1028 0
1029 0
1030 2
1031 0
1032 1
1033 2
1034 0
1035 2
1036 0
1037 0
1038 0
1039 0
1040 1
1041 0
1042 0
1043 0
1044 0
1045 0
1046 2
1047 3
1048 2
1049 1
1050 2
1051 4
1052 0
1053 1
1054 0
1055 1
1056 0
1057 0
1058 0
1059 2
1060 0
1061 0
1062 0
1063 0
1064 3
1065 3
1066 0
1067 3
1068 0
1069 0
1070 0
1071 0
1072 2
1073 0
1074 0
1075 2
1076 0
1077 0
1078 0
1079 0
1080 0
1081 1
1082 0
1083 1
1084 2
1085 2
1086 0
1087 0
1088 0
1089 1
1090 2
1091 2
1092 0
1093 0
1094 1
1095 2
1096 1
1097 2
1098 0
1099 0
1100 0
1101 0
1102 0
1103 0
1104 5
1105 3
1106 10
1107 4
1108 0
1109 3
1110 2
1111 2
1112 0
1113 3
1114 2
1115 2
1116 0
1117 2
1118 2
1119 0
1120 4
1121 3
1122 3
1123 0
1124 2
1125 0
1126 1
1127 0
1128 5
1129 3
1130 1
1131 5
1132 2
1133 0
1134 2
1135 2
1136 0
1137 0
1138 5
1139 4
1140 0
1141 0
1142 0
1143 0
1144 0
1145 3
1146 2
1147 1
1148 2
1149 0
1150 0
1151 0
1152 0
1153 0
1154 3
1155 0
1156 0
1157 1
1158 0
1159 0
1160 5
1161 3
1162 8
1163 5
1164 9
1165 0
1166 5
1167 1
1168 0
1169 2
1170 4
1171 1
1172 1
1173 0
1174 2
1175 1
1176 4
1177 3
1178 2
1179 0
1180 3
1181 0
1182 4
1183 2
1184 2
1185 0
1186 1
1187 3
1188 1
1189 1
1190 0
1191 0
1192 2
1193 3
1194 0
1195 1
1196 2
1197 0
1198 0
1199 0
1200 0
1201 1
1202 0
1203 0
1204 1
1205 2
1206 0
1207 0
1208 1
1209 0
1210 0
1211 0
1212 0
1213 0
1214 0
1215 0
1216 15
1217 7
1218 12
1219 10
1220 3
1221 13
1222 8
1223 10
1224 13
1225 10
1226 13
1227 10
1228 7
1229 12
1230 12
1231 9
1232 8
1233 16
1234 14
1235 10
1236 13
1237 13
1238 8
1239 6
1240 11
1241 5
1242 10
1243 3
1244 3
1245 7
1246 4
1247 4
1248 0
1249 1
1250 7
1251 2
1252 7
1253 0
1254 2
1255 1
1256 0
1257 0
1258 3
1259 0
1260 0
1261 0
1262 0
1263 0
1264 1
1265 0
1266 3
1267 2
1268 0
1269 0
1270 1
1271 0
1272 1
1273 1
1274 1
1275 0
1276 1
1277 1
1278 0
1279 0
1280 1
1281 2
1282 4
1283 1
1284 0
1285 2
1286 0
1287 1
1288 1
1289 1
1290 0
1291 1
1292 0
1293 1
1294 0
1295 0
1296 3
1297 4
1298 0
1299 1
1300 1
1301 0
1302 1
1303 2
1304 0
1305 2
1306 3
1307 1
1308 2
1309 0
1310 0
1311 1
1312 2
1313 1
1314 1
1315 1
1316 0
1317 0
1318 2
1319 0
1320 0
1321 5
1322 0
1323 3
1324 0
1325 1
1326 1
1327 1
1328 1
1329 0
1330 0
1331 0
1332 1
1333 0
1334 1
1335 1
1336 7
1337 3
1338 11
1339 7
1340 3
1341 8
1342 6
1343 2
1344 2
1345 6
1346 3
1347 4
1348 5
1349 2
1350 0
1351 4
1352 3
1353 6
1354 6
1355 7
1356 1
1357 4
1358 7
1359 4
1360 4
1361 0
1362 5
1363 5
1364 0
1365 1
1366 0
1367 4
1368 0
1369 0
1370 1
1371 0
1372 0
1373 0
1374 0
1375 0
1376 0
1377 1
1378 1
1379 0
1380 0
1381 0
1382 0
1383 1
1384 1
1385 0
1386 0
1387 1
1388 0
1389 0
1390 1
1391 0
1392 2
1393 2
1394 1
1395 6
1396 1
1397 3
1398 3
1399 2
1400 1
1401 6
1402 6
1403 4
1404 1
1405 2
1406 2
1407 2
1408 4
1409 3
1410 0
1411 1
1412 0
1413 1
1414 0
1415 2
1416 4
1417 2
1418 5
1419 1
1420 1
1421 0
1422 1
1423 1
1424 1
1425 1
1426 4
1427 3
1428 4
1429 0
1430 3
1431 2
1432 0
1433 1
1434 3
1435 0
1436 0
1437 0
1438 0
1439 0
1440 2
1441 0
1442 1
1443 2
1444 0
1445 0
1446 0
1447 0
1448 2
1449 4
1450 5
1451 7
1452 5
1453 7
1454 1
1455 4
1456 6
1457 11
1458 9
1459 5
1460 5
1461 7
1462 12
1463 7
1464 15
1465 11
1466 9
1467 6
1468 10
1469 14
1470 5
1471 2
1472 18
1473 9
1474 9
1475 9
1476 5
1477 6
1478 9
1479 7
1480 6
1481 9
1482 12
1483 0
1484 2
1485 2
1486 5
1487 5
1488 4
1489 0
1490 2
1491 2
1492 3
1493 0
1494 2
1495 0
1496 0
1497 0
1498 1
1499 1
1500 1
1501 1
1502 0
1503 0
1504 0
1505 0
1506 4
1507 0
1508 0
1509 0
1510 0
1511 0
1512 1
1513 2
1514 2
1515 4
1516 0
1517 0
1518 1
1519 4
1520 1
1521 0
1522 0
1523 0
1524 0
1525 2
1526 1
1527 0
1528 1
1529 0
1530 2
1531 0
1532 3
1533 1
1534 1
1535 1
1536 2
1537 2
1538 1
1539 1
1540 1
1541 2
1542 0
1543 2
1544 1
1545 0
1546 2
1547 0
1548 0
1549 1
1550 0
1551 0
1552 0
1553 2
1554 3
1555 2
1556 0
1557 1
1558 1
1559 0
1560 0
1561 0
1562 0
1563 1
1564 1
1565 1
1566 0
1567 0
1568 6
1569 2
1570 11
1571 11
1572 4
1573 8
1574 2
1575 2
1576 1
1577 0
1578 3
1579 0
1580 3
1581 1
1582 3
1583 3
1584 2
1585 4
1586 2
1587 7
1588 1
1589 0
1590 1
1591 0
1592 1
1593 2
1594 1
1595 4
1596 1
1597 3
1598 2
1599 3
1600 0
1601 1
1602 1
1603 3
1604 0
1605 1
1606 1
1607 1
1608 3
1609 0
1610 1
1611 2
1612 0
1613 0
1614 0
1615 0
1616 0
1617 0
1618 0
1619 2
1620 0
1621 0
1622 1
1623 1
1624 5
1625 4
1626 2
1627 4
1628 3
1629 1
1630 3
1631 1
1632 0
1633 2
1634 5
1635 3
1636 1
1637 0
1638 3
1639 1
1640 1
1641 2
1642 4
1643 2
1644 0
1645 0
1646 0
1647 1
1648 0
1649 0
1650 0
1651 3
1652 3
1653 3
1654 1
1655 1
1656 2
1657 1
1658 3
1659 1
1660 0
1661 0
1662 0
1663 0
1664 1
1665 0
1666 0
1667 0
1668 0
1669 0
1670 1
1671 2
1672 0
1673 0
1674 2
1675 1
1676 1
1677 0
1678 0
1679 2
1680 0
1681 1
1682 0
1683 0
1684 0
1685 0
1686 0
1687 0
1688 4
1689 3
1690 0
1691 6
1692 0
1693 1
1694 1
1695 1
1696 0
1697 2
1698 2
1699 0
1700 3
1701 0
1702 1
1703 0
1704 1
1705 3
1706 5
1707 2
1708 1
1709 0
1710 3
1711 0
1712 1
1713 0
1714 0
1715 7
1716 0
1717 0
1718 3
1719 0
1720 0
1721 1
1722 1
1723 1
1724 0
1725 1
1726 1
1727 2
1728 0
1729 1
1730 0
1731 4
1732 0
1733 0
1734 2
1735 4
1736 0
1737 0
1738 0
1739 3
1740 4
1741 0
1742 0
1743 0
1744 3
1745 5
1746 0
1747 2
1748 5
1749 1
1750 2
1751 3
1752 1
1753 3
1754 0
1755 1
1756 0
1757 1
1758 0
1759 1
1760 1
1761 0
1762 3
1763 0
1764 0
1765 0
1766 2
1767 0
1768 8
1769 5
1770 1
1771 10
1772 2
1773 2
1774 6
1775 7
1776 2
1777 0
1778 1
1779 3
1780 1
1781 1
1782 1
1783 0
1784 1
1785 0
1786 0
1787 0
1788 2
1789 0
1790 1
1791 2
1792 1
1793 0
1794 1
1795 3
1796 0
1797 0
1798 0
1799 0
1800 7
1801 11
1802 9
1803 11
1804 5
1805 11
1806 6
1807 15
1808 8
1809 10
1810 9
1811 9
1812 10
1813 7
1814 6
1815 3
1816 8
1817 7
1818 10
1819 4
1820 7
1821 9
1822 7
1823 6
1824 8
1825 5
1826 6
1827 13
1828 8
1829 10
1830 2
1831 4
1832 5
1833 1
1834 6
1835 8
1836 5
1837 1
1838 1
1839 0
1840 0
1841 3
1842 0
1843 1
1844 3
1845 0
1846 1
1847 1
1848 3
1849 0
1850 1
1851 0
1852 1
1853 0
1854 1
1855 0
1856 0
1857 1
1858 5
1859 0
1860 1
1861 0
1862 1
1863 0
1864 5
1865 3
1866 4
1867 4
1868 0
1869 3
1870 2
1871 1
1872 1
1873 2
1874 4
1875 1
1876 0
1877 0
1878 1
1879 0
1880 0
1881 2
1882 5
1883 3
1884 0
1885 2
1886 5
1887 4
1888 5
1889 9
1890 12
1891 9
1892 6
1893 6
1894 3
1895 2
1896 3
1897 3
1898 3
1899 3
1900 1
1901 3
1902 0
1903 0
1904 0
1905 0
1906 0
1907 2
1908 0
1909 0
1910 0
1911 0
1912 0
1913 1
1914 0
1915 0
1916 0
1917 2
1918 0
1919 0
1920 14
1921 16
1922 16
1923 18
1924 9
1925 11
1926 8
1927 10
1928 10
1929 7
1930 12
1931 16
1932 12
1933 15
1934 10
1935 10
1936 8
1937 9
1938 11
1939 7
1940 7
1941 10
1942 9
1943 13
1944 2
1945 14
1946 9
1947 12
1948 7
1949 5
1950 6
1951 7
1952 1
1953 2
1954 1
1955 1
1956 0
1957 0
1958 3
1959 3
1960 0
1961 0
1962 0
1963 1
1964 0
1965 2
1966 1
1967 2
1968 4
1969 2
1970 7
1971 2
1972 0
1973 0
1974 3
1975 1
1976 1
1977 0
1978 4
1979 4
1980 0
1981 2
1982 1
1983 1
1984 0
1985 1
1986 0
1987 1
1988 0
1989 0
1990 1
1991 2
1992 0
1993 0
1994 1
1995 6
1996 0
1997 0
1998 1
1999 2
2000 1
2001 1
2002 1
2003 0
2004 1
2005 0
2006 0
2007 0
2008 1
2009 0
2010 2
2011 1
2012 0
2013 0
2014 0
2015 1
2016 1
2017 2
2018 4
2019 1
2020 1
2021 0
2022 0
2023 0
2024 0
2025 0
2026 1
2027 0
2028 0
2029 0
2030 2
2031 0
2032 8
2033 4
2034 3
2035 9
2036 4
2037 2
2038 0
2039 2
2040 20
2041 5
2042 17
2043 22
2044 14
2045 7
2046 10
2047 12
2048 10
2049 16
2050 12
2051 16
2052 5
2053 10
2054 10
2055 14
2056 11
2057 10
2058 9
2059 17
2060 3
2061 11
2062 3
2063 13
2064 10
2065 9
2066 6
2067 16
2068 8
2069 11
2070 2
2071 4
2072 0
2073 1
2074 0
2075 0
2076 0
2077 0
2078 0
2079 0
2080 0
2081 1
2082 0
2083 1
2084 0
2085 0
2086 0
2087 2
2088 1
2089 2
2090 6
2091 0
2092 3
2093 3
2094 1
2095 1
2096 1
2097 4
2098 2
2099 3
2100 1
2101 0
2102 1
2103 5
2104 0
2105 1
2106 3
2107 0
2108 1
2109 0
2110 1
2111 1
2112 0
2113 0
2114 3
2115 5
2116 0
2117 1
2118 0
2119 1
2120 0
2121 1
2122 2
2123 1
2124 0
2125 0
2126 0
2127 0
2128 4
2129 0
2130 1
2131 0
2132 0
2133 3
2134 0
2135 0
2136 0
2137 1
2138 3
2139 3
2140 0
2141 1
2142 0
2143 0
2144 0
2145 0
2146 0
2147 0
2148 0
2149 0
2150 0
2151 1
2152 3
2153 3
2154 6
2155 1
2156 2
2157 3
2158 0
2159 0
2160 1
2161 3
2162 4
2163 0
2164 4
2165 1
2166 2
2167 0
2168 2
2169 2
2170 6
2171 3
2172 0
2173 0
2174 2
2175 1
2176 5
2177 2
2178 1
2179 3
2180 2
2181 3
2182 1
2183 1
2184 8
2185 5
2186 1
2187 4
2188 0
2189 2
2190 1
2191 2
2192 0
2193 0
2194 1
2195 1
2196 0
2197 0
2198 1
2199 0
2200 0
2201 2
2202 5
2203 2
2204 0
2205 1
2206 1
2207 3
2208 4
2209 2
2210 7
2211 5
2212 1
2213 4
2214 1
2215 5
2216 2
2217 0
2218 0
2219 0
2220 0
2221 4
2222 0
2223 0
2224 2
2225 7
2226 5
2227 1
2228 1
2229 0
2230 1
2231 0
2232 0
2233 0
2234 1
2235 1
2236 0
2237 0
2238 0
2239 0
2240 0
2241 2
2242 0
2243 0
2244 2
2245 1
2246 0
2247 1
2248 2
2249 1
2250 2
2251 0
2252 0
2253 1
2254 0
2255 0
2256 0
2257 0
2258 0
2259 1
2260 0
2261 0
2262 1
2263 1
2264 14
2265 5
2266 13
2267 8
2268 4
2269 5
2270 3
2271 2
2272 7
2273 3
2274 9
2275 6
2276 3
2277 4
2278 5
2279 5
2280 7
2281 9
2282 7
2283 11
2284 9
2285 3
2286 12
2287 13
2288 6
2289 7
2290 7
2291 7
2292 3
2293 0
2294 1
2295 5
2296 1
2297 3
2298 2
2299 1
2300 3
2301 0
2302 3
2303 0
2304 0
2305 3
2306 2
2307 0
2308 0
2309 0
2310 0
2311 1
2312 0
2313 0
2314 0
2315 2
2316 0
2317 0
2318 0
2319 2
2320 2
2321 3
2322 0
2323 2
2324 0
2325 0
2326 1
2327 1
2328 6
2329 0
2330 5
2331 6
2332 6
2333 1
2334 1
2335 2
2336 1
2337 0
2338 4
2339 1
2340 0
2341 6
2342 1
2343 4
2344 2
2345 0
2346 1
2347 2
2348 0
2349 0
2350 0
2351 1
2352 1
2353 2
2354 2
2355 0
2356 0
2357 0
2358 1
2359 0
2360 2
2361 1
2362 4
2363 0
2364 1
2365 0
2366 0
2367 1
2368 1
2369 0
2370 0
2371 2
2372 0
2373 0
2374 0
2375 5
2376 0
2377 0
2378 1
2379 1
2380 2
2381 1
2382 0
2383 3
2384 5
2385 6
2386 8
2387 6
2388 4
2389 3
2390 3
2391 10
2392 3
2393 2
2394 3
2395 3
2396 1
2397 3
2398 4
2399 3
2400 7
2401 4
2402 8
2403 2
2404 3
2405 2
2406 0
2407 0
2408 3
2409 4
2410 7
2411 4
2412 3
2413 4
2414 3
2415 4
2416 1
2417 0
2418 0
2419 4
2420 1
2421 1
2422 3
2423 0
2424 0
2425 0
2426 4
2427 1
2428 3
2429 0
2430 0
2431 0
2432 0
2433 0
2434 3
2435 0
2436 0
2437 0
2438 1
2439 1
2440 0
2441 1
2442 0
2443 3
2444 0
2445 4
2446 1
2447 0
2448 0
2449 0
2450 0
2451 0
2452 4
2453 1
2454 0
2455 0
2456 3
2457 1
2458 2
2459 3
2460 1
2461 0
2462 1
2463 0
2464 2
2465 1
2466 2
2467 0
2468 0
2469 4
2470 0
2471 0
2472 1
2473 2
2474 0
2475 3
2476 0
2477 1
2478 0
2479 0
2480 0
2481 0
2482 1
2483 4
2484 0
2485 1
2486 0
2487 0
2488 0
2489 0
2490 0
2491 0
2492 0
2493 0
2494 1
2495 0
2496 1
2497 1
2498 6
2499 6
2500 3
2501 0
2502 5
2503 4
2504 2
2505 4
2506 6
2507 10
2508 9
2509 5
2510 10
2511 1
2512 7
2513 4
2514 7
2515 8
2516 8
2517 11
2518 3
2519 6
2520 8
2521 7
2522 7
2523 13
2524 4
2525 3
2526 4
2527 4
2528 5
2529 1
2530 5
2531 5
2532 5
2533 4
2534 3
2535 7
2536 0
2537 1
2538 1
2539 1
2540 0
2541 0
2542 0
2543 0
2544 1
2545 0
2546 0
2547 2
2548 1
2549 0
2550 0
2551 0
2552 0
2553 0
2554 1
2555 1
2556 0
2557 0
2558 0
2559 0
2560 0
2561 0
2562 1
2563 2
2564 1
2565 0
2566 0
2567 0
2568 0
2569 0
2570 2
2571 1
2572 3
2573 3
2574 0
2575 0
2576 0
2577 0
2578 3
2579 1
2580 2
2581 2
2582 1
2583 0
2584 3
2585 0
2586 4
2587 2
2588 3
2589 1
2590 1
2591 2
2592 0
2593 4
2594 1
2595 1
2596 0
2597 2
2598 2
2599 2
2600 0
2601 1
2602 1
2603 1
2604 0
2605 0
2606 0
2607 1
2608 1
2609 0
2610 0
2611 2
2612 0
2613 0
2614 0
2615 0
2616 5
2617 3
2618 6
2619 5
2620 3
2621 1
2622 0
2623 4
2624 0
2625 1
2626 5
2627 3
2628 2
2629 0
2630 1
2631 1
2632 3
2633 0
2634 5
2635 3
2636 7
2637 3
2638 0
2639 4
2640 4
2641 2
2642 4
2643 3
2644 4
2645 1
2646 1
2647 1
2648 5
2649 2
2650 4
2651 5
2652 1
2653 0
2654 0
2655 0
2656 0
2657 0
2658 1
2659 0
2660 0
2661 0
2662 0
2663 1
2664 4
2665 2
2666 2
2667 2
2668 0
2669 0
2670 0
2671 1
2672 4
2673 5
2674 0
2675 12
2676 1
2677 0
2678 2
2679 0
2680 3
2681 0
2682 4
2683 2
2684 2
2685 2
2686 2
2687 3
2688 3
2689 1
2690 2
2691 2
2692 0
2693 2
2694 0
2695 0
2696 6
2697 5
2698 8
2699 12
2700 5
2701 3
2702 4
2703 5
2704 1
2705 3
2706 5
2707 5
2708 2
2709 0
2710 3
2711 0
2712 1
2713 1
2714 0
2715 0
2716 0
2717 0
2718 0
2719 2
2720 0
2721 0
2722 0
2723 1
2724 0
2725 0
2726 3
2727 0
2728 11
2729 9
2730 17
2731 10
2732 18
2733 14
2734 20
2735 13
2736 14
2737 11
2738 18
2739 17
2740 14
2741 12
2742 18
2743 21
2744 24
2745 18
2746 15
2747 6
2748 12
2749 9
2750 13
2751 12
2752 15
2753 5
2754 11
2755 9
2756 15
2757 9
2758 8
2759 10
2760 1
2761 0
2762 4
2763 6
2764 0
2765 2
2766 2
2767 1
2768 0
2769 2
2770 3
2771 0
2772 1
2773 1
2774 2
2775 1
2776 3
2777 1
2778 1
2779 3
2780 0
2781 1
2782 4
2783 1
2784 0
2785 0
2786 3
2787 0
2788 0
2789 0
2790 0
2791 1
2792 5
2793 1
2794 3
2795 13
2796 3
2797 2
2798 2
2799 2
2800 0
2801 0
2802 2
2803 2
2804 0
2805 0
2806 0
2807 0
2808 0
2809 0
2810 3
2811 0
2812 2
2813 1
2814 1
2815 0
2816 3
2817 3
2818 6
2819 4
2820 1
2821 1
2822 0
2823 1
2824 0
2825 1
2826 0
2827 3
2828 1
2829 0
2830 1
2831 1
2832 5
2833 1
2834 0
2835 0
2836 0
2837 3
2838 0
2839 1
2840 1
2841 0
2842 0
2843 3
2844 0
2845 0
2846 1
2847 0
2848 7
2849 11
2850 13
2851 12
2852 8
2853 6
2854 8
2855 13
2856 6
2857 12
2858 11
2859 11
2860 6
2861 8
2862 14
2863 6
2864 8
2865 6
2866 13
2867 8
2868 13
2869 9
2870 11
2871 10
2872 5
2873 7
2874 8
2875 8
2876 5
2877 6
2878 1
2879 2
2880 1
2881 1
2882 0
2883 1
2884 3
2885 2
2886 0
2887 0
2888 3
2889 1
2890 2
2891 2
2892 0
2893 3
2894 0
2895 3
2896 1
2897 1
2898 1
2899 0
2900 0
2901 0
2902 0
2903 1
2904 2
2905 2
2906 4
2907 3
2908 0
2909 2
2910 1
2911 1
2912 7
2913 6
2914 2
2915 3
2916 0
2917 0
2918 1
2919 1
2920 2
2921 2
2922 3
2923 3
2924 1
2925 0
2926 0
2927 2
2928 3
2929 2
2930 5
2931 0
2932 0
2933 3
2934 0
2935 1
2936 8
2937 5
2938 3
2939 9
2940 3
2941 2
2942 3
2943 6
2944 0
2945 0
2946 2
2947 2
2948 0
2949 1
2950 0
2951 4
2952 0
2953 0
2954 0
2955 0
2956 1
2957 0
2958 0
2959 0
2960 0
2961 0
2962 5
2963 13
2964 0
2965 0
2966 3
2967 2
2968 13
2969 19
2970 19
2971 17
2972 16
2973 14
2974 15
2975 12
2976 14
2977 7
2978 14
2979 14
2980 14
2981 15
2982 10
2983 17
2984 16
2985 16
2986 25
2987 6
2988 18
2989 16
2990 12
2991 15
2992 11
2993 6
2994 16
2995 19
2996 8
2997 11
2998 5
2999 5
3000 2
3001 2
3002 2
3003 0
3004 0
3005 0
3006 1
3007 0
3008 2
3009 1
3010 0
3011 2
3012 0
3013 0
3014 0
3015 0
3016 2
3017 0
3018 4
3019 0
3020 0
3021 3
3022 0
3023 1
3024 2
3025 6
3026 3
3027 2
3028 2
3029 0
3030 1
3031 2
3032 1
3033 1
3034 2
3035 4
3036 0
3037 0
3038 1
3039 0
3040 0
3041 2
3042 1
3043 1
3044 0
3045 0
3046 0
3047 0
3048 0
3049 3
3050 5
3051 2
3052 1
3053 0
3054 2
3055 0
3056 0
3057 2
3058 0
3059 0
3060 1
3061 0
3062 0
3063 1
3064 1
3065 0
3066 3
3067 1
3068 1
3069 2
3070 2
3071 0
3072 0
3073 1
3074 0
3075 0
3076 2
3077 0
3078 1
3079 1
3080 6
3081 4
3082 8
3083 5
3084 3
3085 0
3086 0
3087 5
3088 3
3089 0
3090 3
3091 0
3092 0
3093 3
3094 0
3095 4
3096 1
3097 0
3098 5
3099 0
3100 0
3101 0
3102 3
3103 1
3104 0
3105 3
3106 1
3107 6
3108 0
3109 1
3110 0
3111 0
3112 0
3113 1
3114 3
3115 5
3116 0
3117 0
3118 0
3119 0
3120 0
3121 0
3122 0
3123 1
3124 1
3125 0
3126 1
3127 0
3128 0
3129 0
3130 1
3131 1
3132 0
3133 0
3134 1
3135 0
3136 1
3137 3
3138 2
3139 2
3140 0
3141 1
3142 1
3143 1
3144 3
3145 0
3146 4
3147 2
3148 2
3149 0
3150 1
3151 3
3152 2
3153 2
3154 2
3155 3
3156 1
3157 0
3158 1
3159 0
3160 0
3161 2
3162 4
3163 1
3164 0
3165 2
3166 0
3167 0
3168 0
3169 0
3170 0
3171 2
3172 0
3173 1
3174 0
3175 1
3176 0
3177 0
3178 0
3179 2
3180 1
3181 0
3182 0
3183 0
3184 0
3185 1
3186 2
3187 2
3188 0
3189 0
3190 0
3191 0
3192 4
3193 3
3194 8
3195 5
3196 4
3197 6
3198 3
3199 4
3200 7
3201 2
3202 11
3203 7
3204 8
3205 5
3206 3
3207 8
3208 9
3209 4
3210 4
3211 12
3212 7
3213 2
3214 5
3215 7
3216 7
3217 5
3218 5
3219 5
3220 1
3221 2
3222 6
3223 2
3224 3
3225 2
3226 1
3227 4
3228 0
3229 2
3230 2
3231 0
3232 1
3233 0
3234 8
3235 6
3236 0
3237 0
3238 1
3239 1
3240 1
3241 0
3242 0
3243 0
3244 0
3245 1
3246 1
3247 1
3248 4
3249 0
3250 0
3251 1
3252 1
3253 0
3254 1
3255 2
3256 2
3257 0
3258 4
3259 3
3260 4
3261 4
3262 2
3263 0
3264 1
3265 0
3266 1
3267 0
3268 0
3269 0
3270 1
3271 2
3272 0
3273 4
3274 2
3275 2
3276 1
3277 0
3278 0
3279 0
3280 2
3281 3
3282 4
3283 3
3284 0
3285 1
3286 2
3287 1
3288 1
3289 0
3290 0
3291 0
3292 0
3293 1
3294 0
3295 1
3296 3
3297 2
3298 1
3299 0
3300 2
3301 0
3302 0
3303 0
3304 0
3305 1
3306 0
3307 1
3308 0
3309 0
3310 2
3311 0
3312 4
3313 5
3314 9
3315 8
3316 6
3317 6
3318 6
3319 8
3320 4
3321 8
3322 7
3323 5
3324 0
3325 2
3326 5
3327 1
3328 6
3329 5
3330 3
3331 8
3332 5
3333 1
3334 6
3335 3
3336 2
3337 1
3338 1
3339 7
3340 0
3341 3
3342 0
3343 3
3344 2
3345 3
3346 1
3347 0
3348 3
3349 0
3350 1
3351 1
3352 2
3353 1
3354 0
3355 1
3356 0
3357 0
3358 0
3359 0
3360 5
3361 0
3362 0
3363 0
3364 0
3365 0
3366 0
3367 0
3368 1
3369 0
3370 1
3371 3
3372 0
3373 3
3374 1
3375 0
3376 2
3377 1
3378 0
3379 2
3380 1
3381 6
3382 1
3383 3
3384 0
3385 0
3386 3
3387 1
3388 4
3389 0
3390 1
3391 1
3392 0
3393 2
3394 1
3395 1
3396 0
3397 1
3398 0
3399 0
3400 2
3401 0
3402 3
3403 0
3404 1
3405 2
3406 0
3407 0
3408 1
3409 0
3410 0
3411 1
3412 0
3413 0
3414 0
3415 0
3416 0
3417 0
3418 1
3419 1
3420 0
3421 3
3422 0
3423 0
3424 0
3425 0
3426 3
3427 0
3428 0
3429 0
3430 0
3431 0
3432 6
3433 4
3434 9
3435 14
3436 2
3437 1
3438 6
3439 1
3440 3
3441 2
3442 0
3443 2
3444 0
3445 2
3446 3
3447 2
3448 2
3449 8
3450 11
3451 6
3452 8
3453 6
3454 1
3455 3
3456 5
3457 2
3458 7
3459 7
3460 1
3461 3
3462 5
3463 2
3464 3
3465 4
3466 4
3467 0
3468 2
3469 0
3470 1
3471 1
3472 3
3473 0
3474 3
3475 0
3476 0
3477 0
3478 0
3479 0
3480 2
3481 0
3482 0
3483 3
3484 0
3485 0
3486 0
3487 0
3488 2
3489 0
3490 2
3491 4
3492 2
3493 0
3494 2
3495 2
3496 0
3497 0
3498 0
3499 1
3500 0
3501 0
3502 2
3503 1
3504 2
3505 3
3506 0
3507 3
3508 0
3509 0
3510 0
3511 1
3512 0
3513 0
3514 5
3515 0
3516 3
3517 0
3518 1
3519 0
3520 0
3521 3
3522 0
3523 0
3524 0
3525 2
3526 0
3527 0
3528 1
3529 0
3530 1
3531 4
3532 0
3533 2
3534 0
3535 0
3536 2
3537 1
3538 2
3539 1
3540 3
3541 0
3542 0
3543 1
3544 5
3545 1
3546 7
3547 6
3548 4
3549 5
3550 6
3551 0
3552 12
3553 10
3554 15
3555 12
3556 4
3557 2
3558 5
3559 10
3560 7
3561 9
3562 5
3563 10
3564 9
3565 7
3566 4
3567 13
3568 3
3569 7
3570 10
3571 12
3572 11
3573 5
3574 10
3575 9
3576 1
3577 2
3578 6
3579 5
3580 0
3581 5
3582 4
3583 4
3584 0
3585 0
3586 0
3587 0
3588 0
3589 0
3590 2
3591 0
3592 0
3593 0
3594 0
3595 0
3596 2
3597 0
3598 0
3599 1
3600 4
3601 5
3602 4
3603 5
3604 3
3605 3
3606 2
3607 1
3608 2
3609 4
3610 3
3611 1
3612 0
3613 1
3614 2
3615 0
3616 2
3617 2
3618 1
3619 1
3620 0
3621 3
3622 0
3623 1
3624 1
3625 2
3626 3
3627 1
3628 0
3629 2
3630 3
3631 1
3632 0
3633 0
3634 4
3635 1
3636 2
3637 0
3638 0
3639 1
3640 0
3641 0
3642 0
3643 3
3644 0
3645 0
3646 0
3647 0
3648 0
3649 0
3650 0
3651 2
3652 0
3653 0
3654 0
3655 1
3656 0
3657 0
3658 0
3659 0
3660 0
3661 0
3662 0
3663 0
3664 4
3665 4
3666 5
3667 4
3668 5
3669 4
3670 4
3671 0
3672 0
3673 1
3674 1
3675 3
3676 0
3677 1
3678 1
3679 1
3680 2
3681 0
3682 5
3683 6
3684 1
3685 0
3686 1
3687 6
3688 3
3689 8
3690 8
3691 2
3692 2
3693 2
3694 1
3695 4
3696 2
3697 3
3698 2
3699 1
3700 2
3701 1
3702 1
3703 1
3704 0
3705 3
3706 1
3707 2
3708 5
3709 0
3710 0
3711 0
3712 0
3713 0
3714 1
3715 1
3716 2
3717 2
3718 0
3719 0
3720 2
3721 4
3722 11
3723 7
3724 4
3725 0
3726 1
3727 2
3728 1
3729 3
3730 0
3731 0
3732 0
3733 0
3734 1
3735 1
3736 3
3737 2
3738 1
3739 2
3740 2
3741 0
3742 0
3743 3
3744 5
3745 8
3746 5
3747 16
3748 6
3749 5
3750 9
3751 7
3752 2
3753 1
3754 1
3755 5
3756 2
3757 1
3758 2
3759 2
3760 1
3761 1
3762 0
3763 0
3764 3
3765 0
3766 2
3767 0
3768 0
3769 0
3770 2
3771 5
3772 1
3773 0
3774 2
3775 2
3776 18
3777 16
3778 20
3779 19
3780 18
3781 21
3782 12
3783 20
3784 18
3785 17
3786 10
3787 18
3788 19
3789 9
3790 12
3791 19
3792 17
3793 19
3794 16
3795 23
3796 16
3797 9
3798 4
3799 18
3800 10
3801 9
3802 15
3803 17
3804 16
3805 12
3806 14
3807 12
3808 5
3809 0
3810 5
3811 9
3812 2
3813 1
3814 1
3815 1
3816 0
3817 4
3818 0
3819 0
3820 0
3821 2
3822 0
3823 0
3824 2
3825 0
3826 1
3827 3
3828 0
3829 0
3830 0
3831 3
3832 1
3833 5
3834 1
3835 4
3836 0
3837 0
3838 4
3839 2
3840 4
3841 4
3842 1
3843 3
3844 1
3845 1
3846 3
3847 4
3848 1
3849 2
3850 4
3851 0
3852 1
3853 1
3854 1
3855 2
3856 0
3857 6
3858 5
3859 4
3860 0
3861 2
3862 0
3863 1
3864 3
3865 6
3866 8
3867 6
3868 5
3869 4
3870 2
3871 2
3872 1
3873 2
3874 4
3875 2
3876 1
3877 0
3878 1
3879 0
3880 2
3881 2
3882 0
3883 0
3884 2
3885 0
3886 0
3887 0
3888 0
3889 0
3890 2
3891 5
3892 0
3893 0
3894 1
3895 0
3896 8
3897 9
3898 12
3899 10
3900 13
3901 3
3902 3
3903 9
3904 7
3905 2
3906 10
3907 2
3908 5
3909 5
3910 4
3911 4
3912 9
3913 8
3914 9
3915 8
3916 9
3917 9
3918 8
3919 8
3920 9
3921 7
3922 10
3923 6
3924 3
3925 4
3926 3
3927 3
3928 3
3929 2
3930 0
3931 4
3932 0
3933 0
3934 2
3935 1
3936 2
3937 0
3938 2
3939 1
3940 3
3941 0
3942 0
3943 1
3944 0
3945 0
3946 2
3947 3
3948 1
3949 1
3950 3
3951 0
3952 2
3953 2
3954 1
3955 6
3956 0
3957 0
3958 2
3959 2
3960 0
3961 2
3962 0
3963 0
3964 0
3965 0
3966 1
3967 2
3968 3
3969 0
3970 0
3971 0
3972 0
3973 0
3974 2
3975 0
3976 0
3977 2
3978 0
3979 2
3980 0
3981 0
3982 0
3983 0
3984 5
3985 0
3986 6
3987 7
3988 6
3989 1
3990 5
3991 6
3992 5
3993 4
3994 2
3995 6
3996 1
3997 3
3998 2
3999 0
4000 1
4001 0
4002 1
4003 0
4004 1
4005 1
4006 0
4007 0
4008 7
4009 3
4010 6
4011 6
4012 7
4013 0
4014 4
4015 1
4016 18
4017 14
4018 11
4019 15
4020 17
4021 12
4022 18
4023 11
4024 16
4025 13
4026 15
4027 12
4028 14
4029 19
4030 14
4031 13
4032 18
4033 16
4034 13
4035 9
4036 18
4037 8
4038 13
4039 9
4040 10
4041 9
4042 12
4043 8
4044 7
4045 5
4046 10
4047 5
4048 0
4049 2
4050 2
4051 0
4052 0
4053 1
4054 1
4055 0
4056 0
4057 0
4058 0
4059 0
4060 2
4061 0
4062 0
4063 1
4064 6
4065 7
4066 8
4067 5
4068 0
4069 3
4070 0
4071 1
4072 4
4073 0
4074 1
4075 8
4076 0
4077 2
4078 0
4079 1
4080 3
4081 5
4082 4
4083 3
4084 4
4085 1
4086 2
4087 1
4088 6
4089 2
4090 2
4091 2
4092 6
4093 1
4094 0
4095 0
4096 4
4097 0
4098 4
4099 4
4100 1
4101 0
4102 0
4103 1
4104 1
4105 0
4106 3
4107 0
4108 0
4109 0
4110 0
4111 1
4112 0
4113 0
4114 0
4115 0
4116 0
4117 2
4118 0
4119 0
4120 0
4121 0
4122 0
4123 1
4124 0
4125 0
4126 0
4127 0
4128 6
4129 0
4130 0
4131 8
4132 4
4133 3
4134 1
4135 0
4136 0
4137 0
4138 2
4139 0
4140 0
4141 0
4142 0
4143 1
4144 0
4145 1
4146 6
4147 6
4148 2
4149 3
4150 1
4151 0
4152 1
4153 3
4154 3
4155 2
4156 2
4157 0
4158 0
4159 3
4160 0
4161 0
4162 0
4163 4
4164 3
4165 0
4166 3
4167 0
4168 0
4169 0
4170 0
4171 6
4172 0
4173 1
4174 0
4175 0
4176 4
4177 1
4178 3
4179 0
4180 0
4181 0
4182 0
4183 0
4184 1
4185 0
4186 3
4187 3
4188 0
4189 2
4190 1
4191 1
4192 0
4193 0
4194 0
4195 2
4196 1
4197 0
4198 2
4199 0
4200 3
4201 0
4202 1
4203 1
4204 0
4205 0
4206 0
4207 2
4208 0
4209 1
4210 1
4211 0
4212 0
4213 0
4214 1
4215 0
4216 0
4217 0
4218 1
4219 1
4220 0
4221 0
4222 0
4223 0
4224 1
4225 0
4226 1
4227 0
4228 0
4229 0
4230 1
4231 0
4232 0
4233 0
4234 3
4235 2
4236 0
4237 0
4238 0
4239 0
4240 8
4241 6
4242 6
4243 5
4244 4
4245 3
4246 3
4247 11
4248 4
4249 6
4250 9
4251 10
4252 4
4253 6
4254 5
4255 5
4256 8
4257 4
4258 11
4259 7
4260 6
4261 6
4262 1
4263 6
4264 8
4265 7
4266 2
4267 3
4268 2
4269 2
4270 5
4271 2
4272 1
4273 1
4274 2
4275 1
4276 0
4277 1
4278 4
4279 3
4280 0
4281 0
4282 0
4283 0
4284 0
4285 0
4286 2
4287 0
4288 3
4289 1
4290 1
4291 0
4292 0
4293 0
4294 1
4295 0
4296 1
4297 0
4298 1
4299 4
4300 1
4301 0
4302 0
4303 0
4304 5
4305 3
4306 7
4307 3
4308 1
4309 4
4310 1
4311 1
4312 0
4313 0
4314 4
4315 3
4316 0
4317 0
4318 0
4319 1
4320 2
4321 1
4322 5
4323 5
4324 2
4325 0
4326 0
4327 2
4328 3
4329 3
4330 2
4331 2
4332 4
4333 0
4334 2
4335 2
4336 1
4337 0
4338 0
4339 0
4340 2
4341 0
4342 0
4343 0
4344 2
4345 1
4346 1
4347 0
4348 0
4349 1
4350 1
4351 1
4352 1
4353 0
4354 5
4355 0
4356 1
4357 0
4358 0
4359 1
4360 8
4361 8
4362 13
4363 9
4364 7
4365 9
4366 7
4367 5
4368 2
4369 6
4370 4
4371 4
4372 9
4373 4
4374 4
4375 5
4376 4
4377 7
4378 7
4379 2
4380 6
4381 8
4382 7
4383 12
4384 3
4385 4
4386 3
4387 5
4388 6
4389 3
4390 3
4391 0
4392 2
4393 0
4394 2
4395 4
4396 1
4397 0
4398 0
4399 0
4400 0
4401 0
4402 0
4403 3
4404 0
4405 1
4406 2
4407 1
4408 0
4409 0
4410 2
4411 5
4412 0
4413 0
4414 0
4415 0
4416 2
4417 0
4418 1
4419 4
4420 2
4421 0
4422 1
4423 3
4424 6
4425 2
4426 1
4427 2
4428 3
4429 2
4430 0
4431 3
4432 0
4433 0
4434 2
4435 1
4436 1
4437 0
4438 2
4439 0
4440 1
4441 0
4442 1
4443 2
4444 1
4445 2
4446 0
4447 3
4448 2
4449 3
4450 3
4451 0
4452 0
4453 0
4454 3
4455 3
4456 2
4457 0
4458 0
4459 0
4460 1
4461 0
4462 0
4463 0
4464 2
4465 0
4466 0
4467 4
4468 0
4469 0
4470 0
4471 0
4472 5
4473 3
4474 6
4475 3
4476 4
4477 2
4478 5
4479 4
4480 10
4481 5
4482 7
4483 12
4484 5
4485 2
4486 7
4487 8
4488 6
4489 7
4490 6
4491 9
4492 6
4493 6
4494 1
4495 3
4496 5
4497 5
4498 7
4499 5
4500 6
4501 3
4502 10
4503 6
4504 2
4505 7
4506 4
4507 8
4508 3
4509 2
4510 4
4511 2
4512 0
4513 0
4514 1
4515 0
4516 0
4517 1
4518 1
4519 0
4520 1
4521 0
4522 2
4523 0
4524 0
4525 0
4526 1
4527 0
4528 1
4529 0
4530 0
4531 1
4532 0
4533 0
4534 0
4535 1
4536 1
4537 0
4538 2
4539 2
4540 5
4541 1
4542 0
4543 0
4544 1
4545 0
4546 2
4547 1
4548 1
4549 2
4550 0
4551 1
4552 2
4553 3
4554 0
4555 4
4556 0
4557 0
4558 0
4559 0
4560 3
4561 0
4562 2
4563 2
4564 1
4565 0
4566 0
4567 0
4568 1
4569 2
4570 0
4571 1
4572 0
4573 0
4574 0
4575 3
4576 0
4577 1
4578 0
4579 5
4580 1
4581 1
4582 0
4583 0
4584 1
4585 0
4586 2
4587 2
4588 1
4589 2
4590 0
4591 0
4592 3
4593 5
4594 4
4595 3
4596 3
4597 4
4598 2
4599 2
4600 1
4601 2
4602 1
4603 1
4604 1
4605 0
4606 3
4607 1
4608 3
4609 3
4610 4
4611 2
4612 6
4613 2
4614 3
4615 1
4616 3
4617 0
4618 3
4619 1
4620 4
4621 1
4622 0
4623 0
4624 4
4625 1
4626 0
4627 2
4628 0
4629 0
4630 2
4631 0
4632 0
4633 0
4634 1
4635 0
4636 0
4637 0
4638 0
4639 0
4640 2
4641 3
4642 0
4643 1
4644 0
4645 0
4646 1
4647 0
4648 2
4649 2
4650 7
4651 3
4652 3
4653 0
4654 1
4655 5
4656 5
4657 5
4658 2
4659 5
4660 2
4661 2
4662 1
4663 0
4664 1
4665 2
4666 2
4667 3
4668 5
4669 0
4670 0
4671 2
4672 2
4673 7
4674 8
4675 6
4676 8
4677 4
4678 5
4679 5
4680 1
4681 4
4682 1
4683 5
4684 2
4685 0
4686 1
4687 1
4688 2
4689 0
4690 2
4691 2
4692 1
4693 0
4694 0
4695 0
4696 0
4697 1
4698 0
4699 2
4700 0
4701 0
4702 0
4703 1
4704 8
4705 6
4706 20
4707 14
4708 7
4709 9
4710 12
4711 7
4712 14
4713 14
4714 13
4715 15
4716 15
4717 7
4718 8
4719 7
4720 6
4721 10
4722 12
4723 6
4724 11
4725 5
4726 8
4727 8
4728 2
4729 8
4730 4
4731 10
4732 5
4733 5
4734 2
4735 5
4736 10
4737 6
4738 5
4739 4
4740 7
4741 2
4742 2
4743 4
4744 2
4745 0
4746 0
4747 5
4748 0
4749 1
4750 1
4751 0
4752 3
4753 2
4754 1
4755 0
4756 2
4757 0
4758 0
4759 0
4760 3
4761 0
4762 0
4763 0
4764 2
4765 0
4766 2
4767 0
4768 0
4769 2
4770 6
4771 6
4772 1
4773 0
4774 0
4775 1
4776 2
4777 1
4778 4
4779 3
4780 1
4781 3
4782 0
4783 3
4784 2
4785 1
4786 3
4787 0
4788 0
4789 3
4790 0
4791 0
4792 9
4793 5
4794 11
4795 7
4796 3
4797 3
4798 2
4799 8
4800 1
4801 1
4802 1
4803 4
4804 1
4805 1
4806 0
4807 0
4808 4
4809 2
4810 2
4811 0
4812 1
4813 0
4814 0
4815 1
4816 1
4817 1
4818 1
4819 1
4820 0
4821 0
4822 1
4823 0
4824 15
4825 13
4826 11
4827 17
4828 5
4829 10
4830 11
4831 12
4832 7
4833 5
4834 11
4835 4
4836 9
4837 15
4838 18
4839 9
4840 14
4841 9
4842 13
4843 19
4844 10
4845 8
4846 7
4847 8
4848 3
4849 9
4850 7
4851 5
4852 4
4853 3
4854 6
4855 8
4856 0
4857 0
4858 1
4859 1
4860 0
4861 0
4862 2
4863 0
4864 0
4865 0
4866 1
4867 0
4868 0
4869 0
4870 2
4871 0
4872 2
4873 3
4874 1
4875 0
4876 0
4877 0
4878 0
4879 0
4880 3
4881 3
4882 4
4883 2
4884 1
4885 4
4886 1
4887 2
4888 3
4889 6
4890 5
4891 6
4892 1
4893 5
4894 5
4895 2
4896 3
4897 2
4898 6
4899 2
4900 2
4901 1
4902 1
4903 3
4904 2
4905 5
4906 0
4907 0
4908 0
4909 5
4910 0
4911 0
4912 4
4913 5
4914 2
4915 5
4916 1
4917 1
4918 3
4919 0
4920 1
4921 1
4922 1
4923 0
4924 0
4925 0
4926 0
4927 1
4928 0
4929 0
4930 0
4931 0
4932 0
4933 0
4934 0
4935 0
4936 2
4937 2
4938 3
4939 7
4940 1
4941 0
4942 0
4943 5
4944 9
4945 12
4946 7
4947 11
4948 8
4949 10
4950 11
4951 12
4952 9
4953 11
4954 4
4955 10
4956 6
4957 6
4958 3
4959 8
4960 10
4961 12
4962 12
4963 9
4964 11
4965 7
4966 8
4967 9
4968 2
4969 3
4970 9
4971 11
4972 2
4973 4
4974 1
4975 1
4976 1
4977 0
4978 1
4979 1
4980 0
4981 0
4982 0
4983 0
4984 2
4985 0
4986 0
4987 1
4988 3
4989 0
4990 0
4991 0
4992 2
4993 0
4994 3
4995 4
4996 0
4997 1
4998 2
4999 0
